46.3 0
48.3 0.00101948
50.3 0.000557967
52.3 0.000653453
54.3 0.00080054
56.3 0.000526138
58.3 0.000322627
62.3 0.00267699
64.3 0.00352768
66.3 0.00823688
68.3 0.012405
70.3 0.0150974
72.3 0.0477947
74.3 0.0465403
76.3 0.0244816
78.3 0.0431318
80.3 0.0404577
82.3 0.0563894
84.3 0.0698245
86.3 0.0951167
88.3 0.020585
90.3 0.0192593
92.3 0.101125
94.3 0.136393
96.3 0.0152826
98.3 0.074145
100.3 0.0566421
102.3 0.0295602
104.3 0.130466
106.3 0.132637
108.3 0.0325772
110.3 0.0881467
112.3 0.156417
114.3 0.053791
116.3 0.0200019
118.3 0.0123413
120.3 0.0550685
122.3 0.0701563
124.3 0.0742805
126.3 0.0543094
128.3 0.042241
130.3 0.0722555
132.3 0.0411285
134.3 0.0566667
136.3 0.0465697
138.3 0.0345848
140.3 0.0159828
142.3 0.0250381
144.3 0.00962625
146.3 0.00872155
148.3 0.00379437
150.3 0.00154851
152.3 0.00466242
154.3 0.0030951
156.3 0.0042771
160.3 0.00137635
162.3 0.00153598
164.3 0.000720486
166.3 0.000756655
168.3 0.000248843
170.3 0
