12960 0.00101948302469136 54.00 48.30
13440 0.000557966820987654 56.00 50.30
13920 0.000653452932098765 58.00 52.30
14400 0.00080054012345679 60.00 54.30
14880 0.000526138117283951 62.00 56.30
15360 0.000322627314814815 64.00 58.30
16320 0.00267698688271605 68.00 62.30
16800 0.00352768132716049 70.00 64.30
17280 0.00823688271604938 72.00 66.30
17760 0.0124049961419753 74.00 68.30
18240 0.0150974151234568 76.00 70.30
18720 0.0477946566358025 78.00 72.30
19200 0.0465403163580247 80.00 74.30
19680 0.0244815779320988 82.00 76.30
20160 0.0431317515432099 84.00 78.30
20640 0.0404576581790123 86.00 80.30
21120 0.0563893711419753 88.00 82.30
21600 0.0698244598765432 90.00 84.30
22080 0.0951167052469136 92.00 86.30
22560 0.0205849729938272 94.00 88.30
23040 0.0192592592592593 96.00 90.30
23520 0.101124614197531 98.00 92.30
24000 0.13639274691358 100.00 94.30
24480 0.015282600308642 102.00 96.30
24960 0.0741449652777778 104.00 98.30
25440 0.0566420717592593 106.00 100.30
25920 0.0295601851851852 108.00 102.30
26400 0.130465856481481 110.00 104.30
26880 0.132636959876543 112.00 106.30
27360 0.0325771604938272 114.00 108.30
27840 0.0881467013888889 116.00 110.30
28320 0.156416859567901 118.00 112.30
28800 0.0537909915123457 120.00 114.30
29280 0.0200019290123457 122.00 116.30
29760 0.0123413387345679 124.00 118.30
30240 0.0550684799382716 126.00 120.30
30720 0.07015625 128.00 122.30
31200 0.0742804783950617 130.00 124.30
31680 0.0543094135802469 132.00 126.30
32160 0.0422410300925926 134.00 128.30
32640 0.0722554976851852 136.00 130.30
33120 0.0411284722222222 138.00 132.30
33600 0.0566666666666667 140.00 134.30
34080 0.0465697337962963 142.00 136.30
34560 0.0345847800925926 144.00 138.30
35040 0.0159828317901235 146.00 140.30
35520 0.0250380979938272 148.00 142.30
36000 0.00962625385802469 150.00 144.30
36480 0.00872154706790123 152.00 146.30
36960 0.00379436728395062 154.00 148.30
37440 0.00154851466049383 156.00 150.30
37920 0.00466242283950617 158.00 152.30
38400 0.00309510030864198 160.00 154.30
38880 0.00427710262345679 162.00 156.30
39840 0.00137635030864198 166.00 160.30
40320 0.00153597608024691 168.00 162.30
40800 0.000720486111111111 170.00 164.30
41280 0.000756655092592593 172.00 166.30
41760 0.000248842592592593 174.00 168.30
