40.4 0
42.4 0.00021412
44.4 0.000518904
46.4 0.00063995
48.4 0.00138117
50.4 0.000458623
52.4 0.00127459
54.4 0.000906154
56.4 0.000378569
62.4 0.00109423
68.4 0.00161941
70.4 0.000616802
72.4 0.00322338
74.4 0.00390384
76.4 0.00257282
78.4 0.00446807
80.4 0.00268422
82.4 0.00566889
84.4 0.0124523
86.4 0.00453221
88.4 0.00133198
90.4 0.000752797
92.4 0.0024566
94.4 0.0306737
98.4 0.00297647
100.4 0.00476852
102.4 0.00252797
104.4 0.00346402
106.4 0.0197704
108.4 0.0023722
110.4 0.00389226
112.4 0.0324547
114.4 0.00469811
116.4 0.000917728
118.4 0.000421489
120.4 0.0039294
122.4 0.00645689
124.4 0.00339651
126.4 0.00576678
128.4 0.00180797
130.4 0.00324556
132.4 0.00109761
134.4 0.00398293
136.4 0.00245563
140.4 0.000237269
142.4 0.000459587
152.4 0.000435475
156.4 0.00020544
160.4 9.59684e-05
162.4 0
