11040 0.00021412037037037 46.00 42.40
11520 0.000518904320987654 48.00 44.40
12000 0.000639949845679012 50.00 46.40
12480 0.00138117283950617 52.00 48.40
12960 0.000458622685185185 54.00 50.40
13440 0.00127459490740741 56.00 52.40
13920 0.000906153549382716 58.00 54.40
14400 0.000378568672839506 60.00 56.40
15840 0.00109423225308642 66.00 62.40
17280 0.00161940586419753 72.00 68.40
17760 0.000616801697530864 74.00 70.40
18240 0.00322337962962963 76.00 72.40
18720 0.0039038387345679 78.00 74.40
19200 0.00257282021604938 80.00 76.40
19680 0.00446807484567901 82.00 78.40
20160 0.00268422067901235 84.00 80.40
20640 0.0056688850308642 86.00 82.40
21120 0.0124522569444444 88.00 84.40
21600 0.00453221450617284 90.00 86.40
22080 0.00133198302469136 92.00 88.40
22560 0.000752797067901235 94.00 90.40
23040 0.00245659722222222 96.00 92.40
23520 0.0306737075617284 98.00 94.40
24480 0.00297646604938272 102.00 98.40
24960 0.00476851851851852 104.00 100.40
25440 0.00252797067901235 106.00 102.40
25920 0.00346402391975309 108.00 104.40
26400 0.0197704475308642 110.00 106.40
26880 0.00237220293209877 112.00 108.40
27360 0.00389226466049383 114.00 110.40
27840 0.0324546682098765 116.00 112.40
28320 0.00469810956790123 118.00 114.40
28800 0.00091772762345679 120.00 116.40
29280 0.000421489197530864 122.00 118.40
29760 0.00392939814814815 124.00 120.40
30240 0.00645688657407407 126.00 122.40
30720 0.00339650848765432 128.00 124.40
31200 0.00576678240740741 130.00 126.40
31680 0.00180796682098765 132.00 128.40
32160 0.00324556327160494 134.00 130.40
32640 0.00109760802469136 136.00 132.40
33120 0.00398292824074074 138.00 134.40
33600 0.00245563271604938 140.00 136.40
34560 0.000237268518518519 144.00 140.40
35040 0.000459587191358025 146.00 142.40
37440 0.000435474537037037 156.00 152.40
38400 0.000205439814814815 160.00 156.40
39360 9.59683641975309e-05 164.00 160.40
