450 0.00124131944444444 15.00 11.50
465 0.011646412037037 15.50 12.00
480 0.0040967399691358 16.00 12.50
495 0.020150462962963 16.50 13.00
510 0.0219801311728395 17.00 13.50
525 0.0386043595679012 17.50 14.00
540 0.015892650462963 18.00 14.50
555 0.0080859375 18.50 15.00
570 0.0110252700617284 19.00 15.50
585 0.0424951774691358 19.50 16.00
600 0.0531129436728395 20.00 16.50
615 0.0731500771604938 20.50 17.00
630 0.0929065393518518 21.00 17.50
645 0.0979383680555556 21.50 18.00
660 0.106647858796296 22.00 18.50
675 0.0730381944444444 22.50 19.00
690 0.0264023919753086 23.00 19.50
705 0.00039110725308642 23.50 20.00
720 0.00127797067901235 24.00 20.50
735 0.000791859567901235 24.50 21.00
750 0.000861304012345679 25.00 21.50
765 0.0014795524691358 25.50 22.00
780 0.00120273919753086 26.00 22.50
975 0.000348186728395062 32.50 29.00
1095 0.00208719135802469 36.50 33.00
