0	0	2.99424301979394	245.82078929298	0.0130809376101148	0.378535020600063
0	0	4.8168347583155	395.451576360179	0.0119820952282679	0.897324162075859
0	0	8.57648442989997	704.110574185141	0.0115956047442872	2.75299301427775
0	0	11.0257676035706	905.191354527136	0.0112367805110723	4.40912758129663
0	0	13.6954862628717	1124.36940509991	0.0109234022099496	6.61311290474075
50	20	2.55620316049788	209.85867691863	0.0737677248070057	1.55578730317975
50	20	4.89031325352562	401.483999770439	0.0475554468755293	3.67085072611954
50	20	8.47851310295314	696.067342971462	0.0367325643629448	8.52282828779221
50	20	12.287148438011	1008.74795640326	0.0373105581094364	18.1813888114975
50	20	16.8305687251701	1381.75280393767	0.0358952848604565	32.8192072449392
50	30	2.53186761275921	207.860781786721	0.121482233034602	2.51355187205815
50	30	4.87806683765726	400.478595868729	0.0888366092238459	6.82308161177782
50	30	8.5152523505582	699.083554676591	0.0870840550402486	20.3810609804574
50	30	12.2381627745376	1004.72634079642	0.0854492017897781	41.3079421151522
50	30	16.548901160198	1358.62851419834	0.0833863520310468	73.7099977768308
50	40	1.82613672833777	149.921822961379	0.183470178072396	1.97480930206405
50	40	4.8413275900522	397.462384163599	0.139355044317289	10.5425272792917
50	40	8.53974518229491	701.094362480011	0.136750406082354	32.189301123828
50	40	12.2136699428009	1002.715532993	0.13267448194564	63.8811695688882
50	40	15.1528097512057	1244.0124694034	0.132905744023317	98.4970426674611
100	30	1.21896481225795	100.074339420265	0.311914072268785	1.49592701762485
100	30	3.01857856753262	247.818684424889	0.226557591622143	6.66310545403529
100	30	6.11495484036095	502.024389941436	0.222218804653437	26.8201013295942
100	30	9.13981955984422	750.3591536638	0.218416892124834	58.8917644053446
100	30	12.2381627745376	1004.72634079642	0.211196048135152	102.096613526931
100	40	0.729820302710679	59.916647268907	0.626400968289908	1.07690501874056
100	40	2.58053870823655	211.856572050538	0.485839010205647	10.4425421807026
100	40	4.90255966939397	402.489403672148	0.463774675893577	35.9787363603542
100	40	6.69053638617356	549.278373321805	0.458193448301105	66.2008930116579
100	40	8.46626668708479	695.061939069752	0.453055902060397	104.81628928742
