0	0	1.24474802607489	180.077324519713	0.00514245837770437	0.0193733072706656
0	0	1.7305271331235	250.354842597597	0.00403070959504354	0.0293500215298155
0	0	2.08204658335628	301.209056292691	0.00278456558323714	0.0293500215298155
0	0	2.74373025438268	396.934635012868	0.00323859384027627	0.0592801643072653
0	0	3.12971239581475	452.774555932971	0.00207013353887317	0.0493034500481153
0	0	4.75635142042133	688.099936953406	0.00107768401299117	0.0592801643072653
25	20	1.26681535116556	183.269797838321	0.0381908701937138	0.149024021157914
25	20	1.72363459488364	249.357701152595	0.0372898644558576	0.269371284997048
25	20	2.08204658335628	301.209056292691	0.0359066540147056	0.378465163377513
25	20	3.09524970461546	447.788848707962	0.0368020318721928	0.857300876335009
25	20	4.79081411162062	693.085644178416	0.0348604842849221	1.94545928053424
25	30	1.25164406516573	181.074972431778	0.0888856320626218	0.338581592081763
25	30	1.71643709988793	248.316441704963	0.0849554987694174	0.608579569808145
25	30	2.07515404511642	300.211914847689	0.0856928879341571	0.897254304853309
25	30	3.10214224285532	448.785990152964	0.0843929279235822	1.9746928733598
25	30	4.77013649690104	690.09421984341	0.0831298041531646	4.59926527346812
25	40	1.25371287689298	181.374266805398	0.156465146124617	0.597976162819661
25	40	1.71643709988793	248.316441704963	0.144842161836384	1.03757828295159
25	40	2.07515404511642	300.211914847689	0.150485527834408	1.5756708744755
25	40	3.06767955165602	443.800282927955	0.146033249136379	3.34150272686334
25	40	4.75635142042133	688.099936953406	0.135686315599624	7.46369713759413
50	20	0.617399216961885	89.31896	0.517635290953184	0.479762297122114
50	20	0.619673570182713	89.64799	0.501689413415443	0.46841519236399
50	20	1.24291056793252	179.8115	0.14132902687666	0.530861486508263
50	20	1.24446929100123	180.037	0.139893214862824	0.526787071833193
50	20	1.87817212915502	271.7146	0.104113174452576	0.892989928202648
50	20	1.88046079083151	272.0457	0.0898750691209948	0.772748002662852
50	20	2.49623243824236	361.1292	0.0787481271551331	1.19310967591684
50	20	2.503795182852	362.2233	0.0769827457748398	1.17344053200569
50	20	3.72297306881512	538.6014	0.0768848113829773	2.59113733175889
50	20	3.73056069769548	539.6991	0.0760522997297929	2.57353844920336
50	30	0.620109459658157	89.71105	0.305079331445443	0.285246016314344
50	30	0.62261032886551	90.07285	0.392387680404181	0.369843588987034
50	30	1.25039036497309	180.8936	0.171113772408081	0.650498488666523
50	30	1.24824409662349	180.5831	0.156323247610767	0.592233131252234
50	30	1.86533046300405	269.8568	0.159318059924582	1.34786583053706
50	30	1.85376757187619	268.184	0.160211516352043	1.33867262143993
50	30	2.47848165846214	358.5612	0.150668027570643	2.2504149819263
50	30	2.49529513071191	360.9936	0.148579046186696	2.24942487375876
50	30	3.75347427242034	543.014	0.149186224884109	5.11052715319284
50	30	3.73693176222952	540.6208	0.150709093632909	5.11728826287538
50	40	0.620936861659595	89.83075	0.272754972289889	0.255704075501321
50	40	0.620357196397769	89.74689	0.271225746765681	0.253795929091758
50	40	1.25461861730625	181.5053	0.204511671186499	0.782729391734158
50	40	1.25403729309304	181.4212	0.205717548945094	0.786615199632482
50	40	1.85307979828268	268.0845	0.253810766880181	2.11918256999135
50	40	1.86636799884712	270.0069	0.251372054920886	2.12902932314017
50	40	2.49979503633377	361.6446	0.255877265467498	3.88785977327591
50	40	2.51198349037834	363.4079	0.25368001986615	3.89215308450126
50	40	3.77695396430408	546.4108	0.253058720253437	8.77757965281243
50	40	3.77599591988136	546.2722	0.253656926265783	8.79386607120531
75	20	0.623107737788012	90.14481	0.0745266654371443	0.0703571222474437
75	20	0.622730049856863	90.09017	0.0751842363994596	0.0708918856630577
75	20	1.23301976155109	178.3806	0.0655761415566004	0.24241306495868
75	20	1.23261815707086	178.3225	0.0672948758417745	0.248604626603101
75	20	1.87504293211199	271.2619	0.0799488351558333	0.683446716737873
75	20	1.86608044727436	269.9653	0.0817269416476721	0.691984012809451
75	20	2.49885772880332	361.509	0.09056836929414	1.37508548600546
75	20	2.50048280992728	361.7441	0.0897125760488253	1.3638643037404
75	20	3.74922390073542	542.3991	0.0923645070327126	3.15687916919815
75	20	3.73253484983926	539.9847	0.0927948540417541	3.14341502398175
75	30	0.624421143421205	90.33482	0.115379393512402	0.109383934593973
75	30	0.625076498339804	90.42963	0.0865469575164004	0.0822220376336759
75	30	1.24234237708441	179.7293	0.144905626767338	0.543798415312193
75	30	1.24442574352747	180.0307	0.146162899683787	0.550357910079507
75	30	1.88614408177205	272.8679	0.17887921749434	1.54731845625886
75	30	1.88475609244967	272.6671	0.178047067367319	1.53785442047645
75	30	2.47760656160849	358.4346	0.182103590731794	2.71802397538302
75	30	2.49666998666919	361.1925	0.17889007941789	2.71130657196822
75	30	3.72947339331096	539.5418	0.187727448528422	6.34881822427414
75	30	3.73978584983515	541.0337	0.186604953564563	6.3458050390602
75	40	0.622031423956401	89.9891	0.431824310700373	0.406257907673603
75	40	0.622792260533663	90.09917	0.437746094403951	0.412837160916481
75	40	1.25667709947858	181.8031	0.26893495820436	1.03267758304265
75	40	1.25652779385426	181.7815	0.270296735991469	1.03766003196049
75	40	1.86380906634142	269.6367	0.293990284262365	2.48316687983257
75	40	1.88045595222331	272.045	0.292417373017991	2.51419865704244
75	40	2.50023258476059	361.7079	0.292328156648773	4.44325827865644
75	40	2.48510709554133	359.5197	0.295393760099031	4.43569447311876
75	40	3.74728638376798	542.1188	0.303114245629071	10.3492816589182
75	40	3.74734859444478	542.1278	0.304941873552775	10.4120283750085
