25	30	91.6653969476742	2.225514
25	30	178.022987023635	2.337667
25	30	269.528165801334	3.064634
25	30	359.701567675556	3.734423
25	30	544.737204743646	5.32704112281152
25	30	697.230874750304	7.6503803552481
25	30	898.724922697122	11.7810937938675
25	30	1207.32952553734	19.7385230169339
25	30	1403.05687043308	26.1886307046852
50	30	89.8950296545062	2.26413
50	30	179.658089134275	2.763791
50	30	269.154510960299	3.667487
50	30	360.247101743709	4.661765
50	30	538.030415308993	8.47691034315755
50	30	700.254109369932	12.1977364173446
50	30	904.48182693246	18.3512905324456
50	30	1211.09107092663	29.9218585826976
50	30	1406.85341159287	39.1451615666436
75	30	90.9500422658915	2.332682
75	30	174.920618469448	2.718913
75	30	276.996163238342	3.980649
75	30	363.66458871501	6.38760479590449
75	30	542.131619647969	10.4002396655587
75	30	704.198432669148	15.3213614013165
75	30	800.382408120882	18.8896117970825
75	30	902.193103541692	23.4942251029265
75	30	1201.56122267961	37.9546283890998
75	30	1335.10208327415	45.8927625848521
25	40	97.0530015932472	2.132035
25	40	176.56618539306	2.721343
25	40	274.319986674169	3.476056
25	40	361.341069529572	4.620678
25	40	539.695914021096	8.66325131963568
25	40	697.460147041044	12.5275114282147
25	40	905.117050161012	19.1259608855437
25	40	1205.00180685945	30.8952177300124
25	40	1403.2198507357	40.4342493448409
50	40	90.5297554439624	2.406785
50	40	180.036915363858	2.98201
50	40	273.171725450072	4.456037
50	40	360.138614855156	6.42195694271983
50	40	498.438100334505	10.0270758367908
50	40	703.8488749158	17.2235711666188
50	40	897.854627878719	26.6395944829648
50	40	1199.89342424545	44.9341696320154
75	40	91.925811326858	2.66522
75	40	180.98313378629	3.493482
75	40	271.010886603506	6.37675659168769
75	40	359.921541090134	8.55718365523785
75	40	536.486301926571	14.9158659050183
75	40	710.844829402707	23.5272865823707
75	40	900.958652734246	35.8110808210204
