75	20	1.15794302753887	265.931200521321	0.0428505404285766	0.1108788
75	20	1.15729475128916	265.782318514817	0.0525794715448641	0.1359008
75	20	1.57695022095863	362.159670595549	0.0686163552394555	0.3292922
75	20	1.57552653839546	361.832710111154	0.078437952137309	0.375747
75	20	2.36442518293622	543.009813511714	0.051815675067721	0.5590236
75	20	2.36653589029594	543.494554927111	0.0534603951581025	0.5777982
75	20	3.03024755833279	695.921433006071	0.0456562106660737	0.8090473
75	20	3.03247059294061	696.431971303723	0.0457014595586376	0.8110378
75	20	3.97409859399417	912.684635562075	0.0488846827414458	1.489937
75	20	3.97494278986267	912.878512130651	0.050554093568797	1.541473
75	30	1.18133299436178	271.3029	0.11254335483297	0.3030975
75	30	1.18554838782732	272.271	0.110886394410463	0.3007701
75	30	1.5861862451618	364.2808	0.106841969155684	0.5187619
75	30	1.58723998467079	364.5228	0.104297826940861	0.5070821
75	30	2.35436060550265	540.6984	0.104802875385782	1.121081
75	30	2.35529068301969	540.912	0.107492528133193	1.150761
75	30	3.02865635504193	695.556	0.0956148780680468	1.692557
75	30	3.03141218865864	696.1889	0.100206972860225	1.777075
75	30	3.91773208400601	899.7396	0.102436203173458	3.034176
75	30	3.9280252031189	902.1035	0.100449454777828	2.990983
75	40	1.18555463247972	272.272434136111	0.194373770047975	0.5272282
75	40	1.18553373438705	272.267634716156	0.20247397483384	0.5491802
75	40	1.55294484313423	356.646636886646	0.200982452763623	0.9353799
75	40	1.55176976079845	356.376769502125	0.201410004356342	0.9359517
75	40	2.35366527747252	540.538712162677	0.191270625737514	2.044822
75	40	2.35635024700374	541.155337638906	0.19019038075919	2.037915
75	40	3.01235095422212	691.811329742596	0.192802577300645	3.376306
75	40	3.01768214473774	693.035681770554	0.192798639908826	3.388198
75	40	3.87849156153451	890.727689222222	0.176832499167257	5.13340602616329
75	40	3.86993509871675	888.76262671463	0.176626952115076	5.10484038805745

