25	20	1.14676337159389	263.3637	0.163287653596578	0.4143991
25	20	1.14369228698357	262.6584	0.189800516503548	0.4791082
25	20	1.54665925697657	355.2031	0.201548089355376	0.9304345
25	20	1.54641367471084	355.1467	0.194062964740155	0.8955954
25	20	2.35636575857659	541.1589	0.205150724827116	2.198246
25	20	2.3554935931896	540.9586	0.20407323796259	2.185082
25	20	3.02734309952163	695.2544	0.209965548847315	3.713549
25	20	3.03050388261907	695.9803	0.212829018852103	3.772058
25	20	3.92864960909241	902.2469	0.190877774678275	5.68538377127219
25	20	3.94219843494446	905.3585	0.189713856476607	5.6897586437865
25	30	1.17157414730573	269.0617	0.0999863283346327	0.2648488
25	30	1.17095975621185	268.9206	0.154463633442424	0.408722
25	30	1.55942169706281	358.1341	0.197036006854034	0.9246781
25	30	1.56331051836647	359.0272	0.188056907796591	0.8869469
25	30	2.36296208081701	542.6738	0.206824396710664	2.228605
25	30	2.36573141274974	543.3098	0.206190285109825	2.226983
25	30	3.00980356185141	691.2263	0.224644818435589	3.927268
25	30	3.01327349992877	692.0232	0.22199698465414	3.889932
25	30	3.90222730861908	896.1788	0.225492424284642	6.62635826471232
25	30	3.89678052038848	894.9279	0.227364342947322	6.66272789158568
25	40	1.19795116310595	275.1194	0.486483293845556	1.347299
25	40	1.19896571395552	275.3524	0.668094353280706	1.8534
25	40	1.55878248648463	357.9873	0.506934475056396	2.377063
25	40	1.55943519537884	358.1372	0.504202522268471	2.366233
25	40	2.37481577943413	545.3961	0.375067254862711	4.08213
25	40	2.37856918214799	546.2581	0.375241750222572	4.096949
25	40	3.0397232324637	698.0976	0.270148432358724	4.81713
25	40	3.02072195779691	693.7338	0.275899260723307	4.858362
25	40	3.9023213614017	896.2004	0.276002459890782	8.11104563327146
25	40	3.90483335447088	896.7773	0.274035196273202	8.06360385989539
50	20	1.18789578852691	272.8101	0.33175034893843	0.9034121
50	20	1.19270336617932	273.9142	0.324497739598935	0.8908291
50	20	1.55606235809095	357.3626	0.295566700102596	1.381107
50	20	1.55902589160262	358.0432	0.293288150449019	1.375685
50	20	2.36272781971955	542.62	0.28042239482006	3.02105
50	20	2.36794165314134	543.8174	0.298118404536747	3.225883
50	20	2.94126956338896	675.4869	0.261543534274846	4.36648
50	20	2.93351804655459	673.7067	0.261911375476725	4.349604
50	20	3.96233356815729	909.9827	0.242406521805641	7.34453317773201
50	20	3.97015954344457	911.78	0.240682854430491	7.32114320576112
50	30	1.18206233885665	271.4704	0.27883184670996	0.7518669
50	30	1.18248035122385	271.5664	0.269944878908376	0.7284182
50	30	1.5651092778341	359.4403	0.268694509816342	1.270182
50	30	1.56340152314225	359.0481	0.272533321339603	1.285519
50	30	2.35981305431739	541.9506	0.26528513576727	2.850926
50	30	2.36444776643878	543.015	0.266698761514535	2.877387
50	30	2.93188126687926	673.3308	0.276744089243989	4.590806
50	30	2.94643767670809	676.6738	0.275681601052128	4.618704
50	30	3.93426882742448	903.5374	0.274803073974466	8.20856949956435
50	30	3.93550457648503	903.8212	0.275640685980856	8.23876271821253
50	40	1.15883696213334	266.1365	0.320186000766924	0.8297836
50	40	1.15856525409466	266.0741	0.32310130568704	0.8369462
50	40	1.56622571919818	359.6967	0.336537878159422	1.593164
50	40	1.56168288271167	358.6534	0.341191498276084	1.605838
50	40	2.38394412450298	547.4925	0.331472303718823	3.635442
50	40	2.38064139137251	546.734	0.333050419792703	3.642636
50	40	3.03361241417061	696.6942	0.337787176903133	5.99903193832876
50	40	3.03942365693387	698.0288	0.339977242804288	6.06108194689198
50	40	3.86409108241391	887.4205	0.336560005590001	9.6978406867885
50	40	3.86369701867191	887.33	0.335997314038748	9.67965237425361
75	20	0.780501370877929	179.2486	0.270221341662318	0.3176763
75	20	0.781072219016894	179.3797	0.351562257523533	0.4139067
75	20	1.19296767191567	273.9749	0.469099262405327	1.288368
75	20	1.19185384312889	273.7191	0.425204647058547	1.165633
75	20	1.58063756641669	363.0065	0.26230348456339	1.264697
75	20	1.58365378690381	363.6992	0.258419687792155	1.250731
75	20	2.35462447580945	540.759	0.23373872665818	2.500874
75	20	2.35290714166752	540.3646	0.235954659236347	2.520902
75	20	2.91811646797082	670.1696	0.228644447837323	3.757368
75	20	2.91747508024488	670.0223	0.227981080539146	3.74482
75	30	0.782174726635399	179.6329	0.303333522398652	0.3581342
75	30	0.780963797059151	179.3548	0.31172916020695	0.3669079
75	30	1.17423200927388	269.6721	0.472931484091096	1.258415
75	30	1.17589796272901	270.0547	0.451619273596452	1.205118
75	30	1.57436433290176	361.5658	0.346108200154637	1.655542
75	30	1.56883655477502	360.2963	0.345537898755647	1.641228
75	30	2.36349809459204	542.7969	0.29344946258559	3.163455
75	30	2.36401015974186	542.9145	0.296874812677158	3.201768
75	30	2.94721317673517	676.8519	0.292313429749487	4.899928
75	30	2.94462716064263	676.258	0.29288487272434	4.900895
75	40	0.397127206594271	91.20355	0.406795187070563	0.1238092
75	40	0.396808210906547	91.13029	0.398037061355369	0.1209491
75	40	0.789900117696817	181.4071	0.891693309798143	1.073687
75	40	0.788727941350444	181.1379	0.890736432725655	1.069354
75	40	1.18521005906762	272.1933	0.576476826900444	1.562753
75	40	1.19179331842155	273.7052	0.562292985991635	1.541283
75	40	1.57426113609861	361.5421	0.44801340149213	2.142705
75	40	1.57551865663662	361.8309	0.440050150759474	2.107983
75	40	2.35628520411	541.1404	0.366545731079817	3.927369
75	40	2.35881287264294	541.7209	0.367035920788155	3.941063
