25	30	91.40	2.10
25	30	92.00	2.10
25	30	183.00	2.18
25	30	182.00	2.17
25	30	538.60	2.28
25	30	540.00	2.30
25	30	700.00	2.85
25	30	701.00	2.87
25	30	895.00	3.32
25	30	899.00	3.35
25	30	1191.00	4.15
25	30	1196.00	4.10
25	30	1537.00	6.51
25	30	1825.00	7.65
25	30	1819.00	7.70
50	30	90.20		1.59
50	30	90.00		1.59
50	30	177.20		2.16
50	30	351.00		2.49
50	30	351.00		2.49
50	30	696.00		3.51
50	30	696.00		3.51
50	30	900.00		4.44
50	30	900.00		4.44
50	30	1200.97		7.12
50	30	1200.97		7.12
50	30	1503.48		9.19
50	30	1503.48		9.19
50	30	1805.40		11.85
50	30	1805.40		11.85
75	30	93.15	1.54
75	30	93.15	1.54
75	30	181.16	2.29
75	30	539.51	3.24
75	30	539.51	3.24
75	30	700.3	3.98
75	30	700.3	3.98
75	30	905.83	6.37
75	30	905.83	6.37
75	30	1208.04	8.59
75	30	1208.04	8.59
75	30	1497.75	11.28
75	30	1497.75	11.28
75	30	1803.02	14.67
75	30	1803.02	14.67
25	40	90.06651	2.153574
25	40	90.06651	2.153574
25	40	270.5289	2.358507
25	40	270.5289	2.358507
25	40	542.6794	2.98839
25	40	542.6794	2.98839
25	40	709.8144	3.580046
25	40	709.8144	3.580046
25	40	899.5858	4.3901
25	40	899.5858	4.3901
25	40	1199.237	7.25543513994701
25	40	1297.204	8.06963830470717
25	40	1500.142	9.27133660479204
25	40	1500.142	9.27133660479204
25	40	1720	11
25	40	1715	10.95
50	40	94	2.14
50	40	95	2.15
50	40	180.1441	2.322631
50	40	180.1441	2.322631
50	40	271.7556	2.517036
50	40	271.7556	2.517036
50	40	358.7511	2.794506
50	40	358.7511	2.794506
50	40	541.6486	3.610243
50	40	541.6486	3.610243
50	40	695.2166	4.595707
50	40	695.2166	4.595707
50	40	903.682	7.37295485293975
50	40	903.682	7.37295485293975
50	40	1190.231	10.1861748340317
50	40	1190.231	10.1861748340317
50	40	1525.113	14.4536250330547
50	40	1525.113	14.4536250330547
50	40	1723.468	17.3421706013473
75	40	91.5676	0.8708638
75	40	91.79677	0.9937319
75	40	180.2963	2.391523
75	40	180.2963	2.391523
75	40	361.7441	2.583369
75	40	361.7441	2.583369
75	40	542	3.76
75	40	540.7413	3.772805
75	40	692.9796	6.80343962756443
75	40	692.9796	6.80343962756443
75	40	900.7463	8.22572007954215
75	40	900.7463	8.22572007954215
75	40	1199.047	12.1858094911344
75	40	1199.047	12.1858094911344
75	40	1512.724	17.5204446568204
75	40	1512.724	17.5204446568204
