25	30	0.39798260794362	91.4	6.87026166343224	2.1
25	30	0.400595185238655	92	6.78094176817656	2.1
25	30	0.796836074985585	183	1.77910134890554	2.18
25	30	0.79248177949386	182	1.79045468029348	2.17
25	30	2.34522355184282	538.6	0.21480704643505	2.28
25	30	2.35131956553123	540	0.21556919065492	2.3
25	30	3.04800684420715	700	0.158962672214443	2.85
25	30	3.05236113969888	701	0.159621811660925	2.87
25	40	0.39217619844836	90.06651	7.25570313047142	2.153574
25	40	0.39217619844836	90.06651	7.25570313047142	2.153574
25	40	1.17796276965119	270.5289	0.880757218207084	2.358507
25	40	1.17796276965119	270.5289	0.880757218207084	2.358507
25	40	2.36298646487176	542.6794	0.277330080016426	2.98839
25	40	2.36298646487176	542.6794	0.277330080016426	2.98839
25	40	3.09074164188114	709.8144	0.194198276158253	3.580046
25	40	3.09074164188114	709.8144	0.194198276158253	3.580046
25	40	3.91706239335938	899.5858	0.148263963165146	4.3901
25	40	3.91706239335938	899.5858	0.148263963165146	4.3901
25	40	5.22183226260922	1199.237	0.137879531886548	7.25543513994701
25	40	5.648409529047	1297.204	0.131064141097326	8.06963830470717
25	40	6.53206154754658	1500.142	0.112596264613834	9.27133660479204
25	40	6.53206154754658	1500.142	0.112596264613834	9.27133660479204
25	40	7.48938824576615	1720	0.101620696255426	11
25	40	7.46761676830753	1715	0.101749490972221	10.95
50	30	0.39275745335355	90.2	5.34109649283551	1.59
50	30	0.391886594255206	90	5.36486107525549	1.59
50	30	0.771581161133582	177.2	1.88006424830779	2.16
50	30	1.5283577175953	351	0.552371787734243	2.49
50	30	1.5283577175953	351	0.552371787734243	2.49
50	30	3.03058966224026	696	0.198031835144175	3.51
50	30	3.03058966224026	696	0.198031835144175	3.51
50	30	3.91886594255206	900	0.149811214931663	4.44
50	30	3.91886594255206	900	0.149811214931663	4.44
50	40	0.409303776222104	94	6.61918380485198	2.14
50	40	0.413658071713828	95	6.51084901308903	2.15
50	40	0.784400642490769	180.1441	1.95607952559418	2.322631
50	40	0.784400642490769	180.1441	1.95607952559418	2.322631
50	40	1.18330418393089	271.7556	0.931491288036966	2.517036
50	40	1.18330418393089	271.7556	0.931491288036966	2.517036
50	40	1.56210829738121	358.7511	0.593423770251519	2.794506
50	40	1.56210829738121	358.7511	0.593423770251519	2.794506
50	40	2.35849805707889	541.6486	0.33631602355787	3.610243
50	40	2.35849805707889	541.6486	0.33631602355787	3.610243
50	40	3.02717850715204	695.2166	0.259871372646497	4.595707
50	40	3.02717850715204	695.2166	0.259871372646497	4.595707
50	40	3.93489845855259	903.682	0.246749729736559	7.37295485293975
50	40	3.93489845855259	903.682	0.246749729736559	7.37295485293975
50	40	5.18261747741075	1190.231	0.196514674351452	10.1861748340317
50	40	5.18261747741075	1190.231	0.196514674351452	10.1861748340317
50	40	6.64079266027044	1525.113	0.169831839085941	14.4536250330547
50	40	6.64079266027044	1525.113	0.169831839085941	14.4536250330547
50	40	7.50448894253145	1723.468	0.159567110475006	17.3421706013473
75	30	0.405602625054138	93.15	4.85066606187705	1.54
75	30	0.405602625054138	93.15	4.85066606187705	1.54
75	30	0.788824171280812	181.16	1.90702871793414	2.29
75	30	2.34918596074029	539.51	0.304223239967312	3.24
75	30	2.34918596074029	539.51	0.304223239967312	3.24
75	30	3.04931313285467	700.3	0.22179982246578	3.98
75	30	3.04931313285467	700.3	0.22179982246578	3.98
75	30	3.94425148526881	905.83	0.212174118904982	6.37
75	30	3.94425148526881	905.83	0.212174118904982	6.37
75	30	5.26016312582287	1208.04	0.160870684350966	8.59
75	40	0.398712387868033	91.5676	2.83865720311113	0.8708638
75	40	0.399710261765871	91.79677	3.22300371303308	0.9937319
75	40	0.785063366264609	180.2963	2.01070013990902	2.391523
75	40	0.785063366264609	180.2963	2.01070013990902	2.391523
75	40	1.57514070378794	361.7441	0.539547774477619	2.583369
75	40	1.57514070378794	361.7441	0.539547774477619	2.583369
75	40	2.36002815651468	542	0.349812759696936	3.76
75	40	2.35454740477925	540.7413	0.352640064445906	3.772805
75	40	3.01743794813705	692.9796	0.387198806627579	6.80343962756443
75	40	3.01743794813705	692.9796	0.387198806627579	6.80343962756443
75	40	3.92211555327753	900.7463	0.277086474876644	8.22572007954215
75	40	3.92211555327753	900.7463	0.277086474876644	8.22572007954215
75	40	5.22100494646579	1199.047	0.231647888231327	12.1858094911344
75	40	5.22100494646579	1199.047	0.231647888231327	12.1858094911344
100	20	6.58684729342346	1512.724	0.209253198214821	17.5204446568204
100	20	6.58684729342346	1512.724	0.209253198214821	17.5204446568204
