14.4 0
14.9 0.00175299
18.4 0.000777874
18.9 0.000593171
19.4 0.00121094
19.9 0.00180218
20.4 0.00878858
20.9 0.0321991
21.4 0.0363894
21.9 0.0598852
22.4 0.056319
22.9 0.0474841
23.4 0.0379384
23.9 0.0434934
24.4 0.0220428
24.9 0.0177059
25.4 0.0121952
25.9 0.00950714
26.4 0.00963252
26.9 0.00662712
27.4 0.0130816
27.9 0.00348476
28.4 0.00221161
28.9 0.01148
29.4 0.0103043
29.9 0.00632813
30.4 0.00291088
30.9 0.00376833
31.4 0.00259886
31.9 0.00121576
32.4 0.00162423
32.9 0.00210793
33.4 0.00239969
34.4 0.00718461
34.9 0.0038233
35.4 0.00633632
35.9 0.00165943
36.4 0.00790799
36.9 0.00747492
37.4 0.0019999
37.9 0.00715905
38.4 0.0144907
38.9 0.0101558
39.4 0.00843075
39.9 0.00670766
40.4 0.00464217
40.9 0.00857398
41.4 0.00401572
42.4 0.00288725
42.9 0.00247155
43.4 0.00121962
43.9 0
