5640 0.0017529899691358 23.50 14.90
6480 0.000777874228395062 27.00 18.40
6600 0.000593171296296296 27.50 18.90
6720 0.0012109375 28.00 19.40
6840 0.00180217978395062 28.50 19.90
6960 0.00878858024691358 29.00 20.40
7080 0.0321990740740741 29.50 20.90
7200 0.0363893711419753 30.00 21.40
7320 0.0598852237654321 30.50 21.90
7440 0.056318962191358 31.00 22.40
7560 0.0474840856481481 31.50 22.90
7680 0.0379383680555556 32.00 23.40
7800 0.0434934413580247 32.50 23.90
7920 0.0220428240740741 33.00 24.40
8040 0.0177059220679012 33.50 24.90
8160 0.0121952160493827 34.00 25.40
8280 0.00950713734567901 34.50 25.90
8400 0.00963252314814815 35.00 26.40
8520 0.00662712191358025 35.50 26.90
8640 0.0130815972222222 36.00 27.40
8760 0.00348476080246914 36.50 27.90
8880 0.00221161265432099 37.00 28.40
9000 0.0114800347222222 37.50 28.90
9120 0.0103043016975309 38.00 29.40
9240 0.006328125 38.50 29.90
9360 0.00291087962962963 39.00 30.40
9480 0.00376832561728395 39.50 30.90
9600 0.00259886188271605 40.00 31.40
9720 0.0012157600308642 40.50 31.90
9840 0.00162422839506173 41.00 32.40
9960 0.00210792824074074 41.50 32.90
10080 0.00239969135802469 42.00 33.40
10320 0.00718460648148148 43.00 34.40
10440 0.0038233024691358 43.50 34.90
10560 0.00633632330246914 44.00 35.40
10680 0.00165943287037037 44.50 35.90
10800 0.00790798611111111 45.00 36.40
10920 0.00747492283950617 45.50 36.90
11040 0.00199990354938272 46.00 37.40
11160 0.00715904706790123 46.50 37.90
11280 0.0144907407407407 47.00 38.40
11400 0.0101557677469136 47.50 38.90
11520 0.00843074845679012 48.00 39.40
11640 0.00670765817901235 48.50 39.90
11760 0.00464216820987654 49.00 40.40
11880 0.00857397762345679 49.50 40.90
12000 0.00401572145061728 50.00 41.40
12240 0.00288724922839506 51.00 42.40
12360 0.00247154706790123 51.50 42.90
12480 0.00121961805555556 52.00 43.40
