17.4 0
17.9 0.000327932
18.9 0.000170718
19.4 0.000200617
19.9 0.00176601
20.4 0.00590567
20.9 0.00523003
21.4 0.00920476
21.9 0.00628086
22.4 0.0196817
22.9 0.0049021
23.4 0.00543933
23.9 0.00293547
24.4 0.00419608
24.9 0.00103877
25.4 0.00103829
25.9 0.00161073
26.4 0.00205295
26.9 0.00102913
27.4 0.000972222
27.9 0.00064863
29.9 0.000638985
30.4 0.00150897
30.9 0.00237992
31.4 0.000632716
32.9 0.00065924
33.4 0.000929784
34.4 0.00128954
34.9 0.000493345
35.4 0.0030869
35.9 0.00118682
36.4 0.00154707
36.9 0.00191358
37.4 0.000584491
37.9 0.000981867
38.4 0.000852141
38.9 0.00141107
39.4 0.00249132
39.9 0.00016686
40.4 0.0023153
40.9 0.00109375
41.4 0.000711323
41.9 0.000223283
42.4 0.000735436
42.9 0.000399788
43.9 0.0002011
44.4 0
