5280 0.000327932098765432 22.00 17.90
5520 0.000170717592592593 23.00 18.90
5640 0.000200617283950617 23.50 19.40
5760 0.00176601080246914 24.00 19.90
5880 0.0059056712962963 24.50 20.40
6000 0.00523003472222222 25.00 20.90
6120 0.00920476466049383 25.50 21.40
6240 0.00628086419753086 26.00 21.90
6360 0.019681712962963 26.50 22.40
6480 0.00490210262345679 27.00 22.90
6600 0.0054393325617284 27.50 23.40
6720 0.00293547453703704 28.00 23.90
6840 0.00419608410493827 28.50 24.40
6960 0.00103877314814815 29.00 24.90
7080 0.00103829089506173 29.50 25.40
7200 0.00161072530864198 30.00 25.90
7320 0.00205295138888889 30.50 26.40
7440 0.00102912808641975 31.00 26.90
7560 0.000972222222222222 31.50 27.40
7680 0.000648630401234568 32.00 27.90
8160 0.000638985339506173 34.00 29.90
8280 0.00150896990740741 34.50 30.40
8400 0.00237991898148148 35.00 30.90
8520 0.000632716049382716 35.50 31.40
8880 0.000659239969135802 37.00 32.90
9000 0.000929783950617284 37.50 33.40
9240 0.00128954475308642 38.50 34.40
9360 0.000493344907407407 39.00 34.90
9480 0.00308690200617284 39.50 35.40
9600 0.00118682484567901 40.00 35.90
9720 0.00154706790123457 40.50 36.40
9840 0.00191358024691358 41.00 36.90
9960 0.000584490740740741 41.50 37.40
10080 0.000981867283950617 42.00 37.90
10200 0.000852141203703704 42.50 38.40
10320 0.0014110725308642 43.00 38.90
10440 0.00249131944444444 43.50 39.40
10560 0.000166859567901235 44.00 39.90
10680 0.00231529706790123 44.50 40.40
10800 0.00109375 45.00 40.90
10920 0.000711323302469136 45.50 41.40
11040 0.000223283179012346 46.00 41.90
11160 0.000735435956790123 46.50 42.40
11280 0.000399787808641975 47.00 42.90
11520 0.000201099537037037 48.00 43.90
