915 0.0243995949074074 30.50 7.90
930 0.0322791280864198 31.00 8.40
945 0.0196199845679012 31.50 8.90
960 0.0153843557098765 32.00 9.40
975 0.016181037808642 32.50 9.90
990 0.0155444637345679 33.00 10.40
1005 0.00413146219135802 33.50 10.90
1020 0.00488859953703704 34.00 11.40
1035 0.00268856095679012 34.50 11.90
1050 0.00493730709876543 35.00 12.40
1065 0.00304060570987654 35.50 12.90
1080 0.00436969521604938 36.00 13.40
1095 0.00140817901234568 36.50 13.90
1110 0.00545524691358025 37.00 14.40
1125 0.00222318672839506 37.50 14.90
1140 0.00197193287037037 38.00 15.40
1155 0.00458767361111111 38.50 15.90
1170 0.00144434799382716 39.00 16.40
1185 0.00247540509259259 39.50 16.90
1200 0.0020751350308642 40.00 17.40
1215 0.00130545910493827 40.50 17.90
1260 0.00347704475308642 42.00 19.40
1275 0.00080150462962963 42.50 19.90
1290 0.000421006944444444 43.00 20.40
1305 0.00304542824074074 43.50 20.90
1320 0.000348668981481481 44.00 21.40
1335 0.00215229552469136 44.50 21.90
1350 0.0026538387345679 45.00 22.40
1365 0.0023900462962963 45.50 22.90
1380 0.00155333719135802 46.00 23.40
1395 0.000855516975308642 46.50 23.90
1410 0.00403404706790123 47.00 24.40
1425 0.000850694444444444 47.50 24.90
1440 0.00155044367283951 48.00 25.40
1455 0.00928722993827161 48.50 25.90
1470 0.00203751929012346 49.00 26.40
1485 0.00465760030864198 49.50 26.90
1500 0.00596547067901235 50.00 27.40
1515 0.00450954861111111 50.50 27.90
1530 0.00213541666666667 51.00 28.40
1545 0.000581597222222222 51.50 28.90
1560 0.00196759259259259 52.00 29.40
1575 0.000277777777777778 52.50 29.90
1905 0.000163966049382716 63.50 40.90
1935 0.00021412037037037 64.50 41.90
1965 0.000327932098765432 65.50 42.90
