0 0.0689592
0.0106667 0.0630824
0.0213333 0.0573193
0.032 0.0514324
0.0426667 0.0454697
0.0533333 0.0394198
0.064 0.0334089
0.0746667 0.0273664
0.0853333 0.021282
0.096 0.01525
0.106667 0.0093335
0.117333 0.00340555
0.128 0.00455157
0.138667 0.00465571
0.149333 0.00452189
0.16 0.004418
0.170667 0.00426925
0.181333 0.00410859
0.192 0.00398822
0.202667 0.00340896
0.213333 0.00293868
0.224 0.00271243
0.234667 0.00242869
0.245333 0.00215407
0.256 0.00197912
0.266667 0.00194173
0.277333 0.00208655
0.288 0.00224985
0.298667 0.00233606
0.309333 0.00238506
0.32 0.00242943
0.330667 0.00221895
0.341333 0.00204118
0.352 0.00197756
0.362667 0.00199507
0.373333 0.00193393
0.384 0.0018955
0.394667 0.00191114
0.405333 0.00194513
0.416 0.00173724
0.426667 0.00165093
0.437333 0.00173244
0.448 0.0018105
0.458667 0.00207963
0.469333 0.00215155
0.48 0.00238155
0.490667 0.00254444
0.501333 0.00257291
0.512 0.00256776
0.522667 0.00265154
0.533333 0.00284696
0.544 0.00286399
0.554667 0.00296037
0.565333 0.00316626
0.576 0.00330707
0.586667 0.00330293
0.597333 0.00335959
0.608 0.00339819
0.618667 0.00342229
0.629333 0.00345722
0.64 0.00351244
0.650667 0.00366342
0.661333 0.00366763
0.672 0.00357173
0.682667 0.00344355
0.693333 0.00352739
0.704 0.00353858
0.714667 0.00348909
0.725333 0.00349149
0.736 0.00341857
0.746667 0.00331578
0.757333 0.00325066
0.768 0.00330948
0.778667 0.00337338
0.789333 0.00330178
0.8 0.00315253
0.810667 0.00306769
0.821333 0.00293936
0.832 0.00284375
0.842667 0.00278693
0.853333 0.00273476
0.864 0.00272166
0.874667 0.00268247
0.885333 0.00261042
0.896 0.00264845
0.906667 0.00270125
0.917333 0.00285569
0.928 0.00286712
0.938667 0.00316227
0.949333 0.00359764
0.96 0.00397441
0.970667 0.00411267
0.981333 0.00413248
0.992 0.0041931
1.00267 0.0042306
1.01333 0.00426948
1.024 0.00435344
1.03467 0.00451948
1.04533 0.00478367
1.056 0.00495621
1.06667 0.00527985
1.07733 0.00564221
1.088 0.00590053
1.09867 0.00585983
1.10933 0.00586279
1.12 0.00595279
1.13067 0.00615113
1.14133 0.0062164
1.152 0.00613869
1.16267 0.00574705
1.17333 0.00541886
1.184 0.00514641
1.19467 0.005121
1.20533 0.00502822
1.216 0.0048995
1.22667 0.00498032
1.23733 0.00498331
1.248 0.00490234
1.25867 0.00482093
1.26933 0.0047655
1.28 0.00486011
1.29067 0.00469234
1.30133 0.00446329
1.312 0.00436649
1.32267 0.00432068
1.33333 0.00437094
1.344 0.00440384
1.35467 0.00425685
1.36533 0.00400338
1.376 0.00401643
1.38667 0.00416342
1.39733 0.00407047
1.408 0.00404081
1.41867 0.00406086
1.42933 0.00408803
1.44 0.00417769
1.45067 0.00420668
1.46133 0.00435969
1.472 0.00443636
1.48267 0.00458498
1.49333 0.00453327
1.504 0.00450957
1.51467 0.00447519
1.52533 0.00439729
1.536 0.00437946
1.54667 0.00460059
1.55733 0.00472727
1.568 0.00475607
1.57867 0.00479593
1.58933 0.00480921
1.6 0.00473636
1.61067 0.0045718
1.62133 0.00454865
1.632 0.00447136
1.64267 0.00439364
1.65333 0.00437166
1.664 0.00437298
1.67467 0.00438089
1.68533 0.00445213
1.696 0.00456986
1.70667 0.00458219
1.71733 0.00463539
1.728 0.00459197
1.73867 0.00457705
1.74933 0.0045495
1.76 0.00443775
1.77067 0.00420049
1.78133 0.00404646
1.792 0.00400589
1.80267 0.0039084
1.81333 0.00380597
1.824 0.00375669
1.83467 0.00368552
1.84533 0.00351227
1.856 0.00329745
1.86667 0.00324349
1.87733 0.00323679
1.888 0.0031989
1.89867 0.00309232
1.90933 0.00287724
1.92 0.00278254
1.93067 0.00270687
1.94133 0.00273011
1.952 0.0027
1.96267 0.00265417
1.97333 0.00268232
1.984 0.00275435
1.99467 0.00284186
2.00533 0.00283169
2.016 0.00269457
2.02667 0.00266162
2.03733 0.00257626
2.048 0.00246774
2.05867 0.00246684
2.06933 0.0024896
2.08 0.00262779
2.09067 0.00265834
2.10133 0.00266656
2.112 0.00268262
2.12267 0.00277052
2.13333 0.00284463
2.144 0.00287537
2.15467 0.00279671
2.16533 0.00281218
2.176 0.00288499
2.18667 0.00293687
2.19733 0.00295691
2.208 0.00305519
2.21867 0.00309092
2.22933 0.00302612
2.24 0.00304519
2.25067 0.00304199
2.26133 0.00312538
2.272 0.00321454
2.28267 0.00325032
2.29333 0.00332645
2.304 0.00337631
2.31467 0.00331293
2.32533 0.00329268
2.336 0.00322108
2.34667 0.00303324
2.35733 0.00292855
2.368 0.00285914
2.37867 0.00297612
2.38933 0.00310399
2.4 0.00311009
2.41067 0.00306492
2.42133 0.00301866
2.432 0.00295288
2.44267 0.00285025
2.45333 0.00288893
2.464 0.00295188
2.47467 0.00303044
2.48533 0.00308939
2.496 0.00311745
2.50667 0.00317467
2.51733 0.003046
2.528 0.00295627
2.53867 0.00303429
2.54933 0.00310759
2.56 0.00318824
2.57067 0.00323032
2.58133 0.00315163
2.592 0.00314435
2.60267 0.00307384
2.61333 0.0028928
2.624 0.00284736
2.63467 0.00293059
2.64533 0.00294973
2.656 0.00296476
2.66667 0.00310477
2.67733 0.00312225
2.688 0.00309916
2.69867 0.00307922
2.70933 0.00309593
2.72 0.00309125
2.73067 0.00300843
2.74133 0.00313167
2.752 0.00312825
2.76267 0.00306949
2.77333 0.00296679
2.784 0.00289246
2.79467 0.00302456
2.80533 0.0032641
2.816 0.00317559
2.82667 0.00303918
2.83733 0.003069
2.848 0.00301335
2.85867 0.00284509
2.86933 0.0026214
2.88 0.00242871
2.89067 0.00227526
2.90133 0.00226467
2.912 0.00206706
2.92267 0.00193361
2.93333 0.00186159
2.944 0.00189856
2.95467 0.00197286
2.96533 0.00196013
2.976 0.00200143
2.98667 0.00191073
2.99733 0.00180241
3.008 0.00174512
3.01867 0.0015834
3.02933 0.00128536
3.04 0.00129358
3.05067 0.00123497
3.06133 0.00118757
3.072 0.00118645
3.08267 0.00117334
3.09333 0.00119714
3.104 0.00114558
3.11467 0.00116021
3.12533 0.00124351
3.136 0.00152488
3.14667 0.0016683
3.15733 0.00166736
3.168 0.00158284
3.17867 0.00156845
3.18933 0.00149109
3.2 0.001453
3.21067 0.00146772
3.22133 0.00160332
3.232 0.00172757
3.24267 0.00176235
3.25333 0.00185202
3.264 0.00185227
3.27467 0.00194497
3.28533 0.00192472
3.296 0.00188554
3.30667 0.00200815
3.31733 0.00224442
3.328 0.00240511
3.33867 0.00239759
3.34933 0.00239664
3.36 0.00238865
3.37067 0.0026501
3.38133 0.00305566
3.392 0.00324586
3.40267 0.00335508
3.41333 0.00345895
3.424 0.00355437
3.43467 0.00370969
3.44533 0.0037465
3.456 0.00367129
3.46667 0.00365789
3.47733 0.00372385
3.488 0.00384247
3.49867 0.00384243
3.50933 0.0039165
3.52 0.0039642
3.53067 0.0038724
3.54133 0.00385231
3.552 0.00390034
3.56267 0.00409861
3.57333 0.00416338
3.584 0.00412362
3.59467 0.00389332
3.60533 0.00360797
3.616 0.00352081
3.62667 0.00334548
3.63733 0.00329985
3.648 0.0034189
3.65867 0.00340008
3.66933 0.00339849
3.68 0.00350477
3.69067 0.0036333
3.70133 0.00361334
3.712 0.00353175
3.72267 0.00366395
3.73333 0.00368752
3.744 0.00366393
3.75467 0.00366317
3.76533 0.00354295
3.776 0.00354434
3.78667 0.00345542
3.79733 0.00339535
3.808 0.00331298
3.81867 0.00328248
3.82933 0.00332433
3.84 0.00331731
3.85067 0.00344934
3.86133 0.00358488
3.872 0.00359457
3.88267 0.00355761
3.89333 0.00346896
3.904 0.00335894
3.91467 0.00324445
3.92533 0.00322546
3.936 0.00330742
3.94667 0.00329651
3.95733 0.00319285
3.968 0.00315589
3.97867 0.00312576
3.98933 0.00311064
4 0.00302773
4.01067 0.00290839
4.02133 0.0029026
4.032 0.00310009
4.04267 0.00321049
4.05333 0.00314067
4.064 0.00324432
4.07467 0.00312912
4.08533 0.00294737
4.096 0.00296248
4.10667 0.00317296
4.11733 0.00334053
4.128 0.0034466
4.13867 0.00347633
4.14933 0.00356066
4.16 0.0035299
4.17067 0.00330334
4.18133 0.00315765
4.192 0.00314983
4.20267 0.00315552
4.21333 0.00320943
4.224 0.00322014
4.23467 0.00327808
4.24533 0.00328765
4.256 0.00313006
4.26667 0.00303064
4.27733 0.00295395
4.288 0.00272871
4.29867 0.00271533
4.30933 0.00277719
4.32 0.00272681
4.33067 0.00244474
4.34133 0.00224562
4.352 0.00201978
4.36267 0.00196309
4.37333 0.00180061
4.384 0.00177043
4.39467 0.00195141
4.40533 0.00214459
4.416 0.00232024
4.42667 0.00244829
4.43733 0.00243102
4.448 0.00245234
4.45867 0.00246548
4.46933 0.00246793
4.48 0.00251344
4.49067 0.00251179
4.50133 0.0025074
4.512 0.00256274
4.52267 0.0026671
4.53333 0.00285603
4.544 0.00289517
4.55467 0.00300852
4.56533 0.0032176
4.576 0.00349603
4.58667 0.00357016
4.59733 0.00366604
4.608 0.00374775
4.61867 0.00373697
4.62933 0.00375254
4.64 0.00364098
4.65067 0.00353562
4.66133 0.00356986
4.672 0.00356864
4.68267 0.003564
4.69333 0.0035063
4.704 0.00346303
4.71467 0.00340111
4.72533 0.00335065
4.736 0.00332839
4.74667 0.00323281
4.75733 0.00297031
4.768 0.00279333
4.77867 0.00266816
4.78933 0.00257607
4.8 0.00243777
4.81067 0.00235349
4.82133 0.00237544
4.832 0.0023226
4.84267 0.00244461
4.85333 0.00259993
4.864 0.00267165
4.87467 0.00277245
4.88533 0.00271029
4.896 0.00265138
4.90667 0.00275945
4.91733 0.00292934
4.928 0.00307349
4.93867 0.00317252
4.94933 0.00335735
4.96 0.00351409
4.97067 0.00362307
4.98133 0.0037744
4.992 0.00396185
5.00267 0.0041872
5.01333 0.00425881
5.024 0.00432202
5.03467 0.00430912
5.04533 0.00422661
5.056 0.00423944
5.06667 0.00418484
5.07733 0.00414808
5.088 0.00413474
5.09867 0.00394725
5.10933 0.00394512
5.12 0.0040652
5.13067 0.00405209
5.14133 0.00402281
5.152 0.00395403
5.16267 0.00381641
5.17333 0.00363029
5.184 0.00341835
5.19467 0.0032815
5.20533 0.00319153
5.216 0.0030829
5.22667 0.00290657
5.23733 0.00278478
5.248 0.00274518
5.25867 0.00281275
5.26933 0.00288212
5.28 0.00269562
5.29067 0.0025815
5.30133 0.00244679
5.312 0.00233266
5.32267 0.00243918
5.33333 0.00250976
5.344 0.00239122
5.35467 0.00226339
5.36533 0.00206488
5.376 0.00200054
5.38667 0.00212101
5.39733 0.0022697
5.408 0.0024504
5.41867 0.00267432
5.42933 0.00294771
5.44 0.00306008
5.45067 0.0031129
5.46133 0.00316452
5.472 0.00322706
5.48267 0.00326277
5.49333 0.00322577
5.504 0.00332712
5.51467 0.00333506
5.52533 0.00329918
5.536 0.00325595
5.54667 0.00318852
5.55733 0.00316482
5.568 0.00321224
5.57867 0.00328145
5.58933 0.00340539
5.6 0.00338688
5.61067 0.00327531
5.62133 0.00308374
5.632 0.00286075
5.64267 0.00263311
5.65333 0.00226974
5.664 0.00216188
5.67467 0.00222837
5.68533 0.00223538
5.696 0.00204602
5.70667 0.00184612
5.71733 0.00174793
5.728 0.00176254
5.73867 0.00178945
5.74933 0.001813
5.76 0.00182729
5.77067 0.00187238
5.78133 0.00176043
5.792 0.00176068
5.80267 0.00182534
5.81333 0.00180906
5.824 0.00191658
5.83467 0.00208047
5.84533 0.0021783
5.856 0.00231732
5.86667 0.00253021
5.87733 0.00269289
5.888 0.00262615
5.89867 0.0024767
5.90933 0.00243398
5.92 0.00275603
5.93067 0.00322966
5.94133 0.00341445
5.952 0.00339091
5.96267 0.00339014
5.97333 0.00344018
5.984 0.00355784
5.99467 0.00354201
6.00533 0.00361551
6.016 0.00360983
6.02667 0.00353054
6.03733 0.0034415
6.048 0.0032704
6.05867 0.00307099
6.06933 0.00314473
6.08 0.00322169
6.09067 0.00319619
6.10133 0.00326262
6.112 0.00332203
6.12267 0.00334861
6.13333 0.00354128
6.144 0.00364438
6.15467 0.00344694
6.16533 0.00337128
6.176 0.00335666
6.18667 0.00331267
6.19733 0.00320515
6.208 0.00313835
6.21867 0.0030863
6.22933 0.00300129
6.24 0.00287952
6.25067 0.00280659
6.26133 0.00292054
6.272 0.00304837
6.28267 0.00316592
6.29333 0.00309402
6.304 0.00306945
6.31467 0.00303151
6.32533 0.00294321
6.336 0.00278427
6.34667 0.0026989
6.35733 0.00244439
6.368 0.00217087
6.37867 0.00216092
6.38933 0.00219474
6.4 0.00235335
6.41067 0.00250962
6.42133 0.002611
6.432 0.00267209
6.44267 0.00281282
6.45333 0.00309985
6.464 0.00341529
6.47467 0.003639
6.48533 0.00361647
6.496 0.00355015
6.50667 0.00358408
6.51733 0.00371411
6.528 0.00378386
6.53867 0.00381928
6.54933 0.00377732
6.56 0.00389899
6.57067 0.0038972
6.58133 0.003757
6.592 0.00363904
6.60267 0.00352131
6.61333 0.00362165
6.624 0.00364118
6.63467 0.00365276
6.64533 0.0037803
6.656 0.00390894
6.66667 0.00403489
6.67733 0.0040415
6.688 0.00401164
6.69867 0.00388778
6.70933 0.00388689
6.72 0.00397543
6.73067 0.00397975
6.74133 0.00399
6.752 0.00399074
6.76267 0.00400006
6.77333 0.00413914
6.784 0.00424809
6.79467 0.00445292
6.80533 0.00465967
6.816 0.00464556
6.82667 0.00452988
6.83733 0.00432624
6.848 0.00416649
6.85867 0.0039296
6.86933 0.00373937
6.88 0.00355245
6.89067 0.00336913
6.90133 0.00317378
6.912 0.00303398
6.92267 0.00297346
6.93333 0.00296599
6.944 0.00289711
6.95467 0.0028856
6.96533 0.00272755
6.976 0.00261265
6.98667 0.00244808
6.99733 0.00227986
7.008 0.00223501
7.01867 0.00221539
7.02933 0.00221994
7.04 0.0023153
7.05067 0.00235889
7.06133 0.00237621
7.072 0.00236524
7.08267 0.0024625
7.09333 0.00245887
7.104 0.00243077
7.11467 0.00244177
7.12533 0.00246329
7.136 0.00237318
7.14667 0.00224662
7.15733 0.00210096
7.168 0.0021682
7.17867 0.00211828
7.18933 0.002157
7.2 0.00215301
7.21067 0.00221666
7.22133 0.00226995
7.232 0.00222035
7.24267 0.00225429
7.25333 0.00228118
7.264 0.00239525
7.27467 0.00250124
7.28533 0.00260112
7.296 0.00264332
7.30667 0.00255663
7.31733 0.00272459
7.328 0.00299579
7.33867 0.00312982
7.34933 0.00315347
7.36 0.0032646
7.37067 0.00341252
7.38133 0.00359773
7.392 0.00345315
7.40267 0.00349047
7.41333 0.00353025
7.424 0.0036367
7.43467 0.00365135
7.44533 0.00357807
7.456 0.00344725
7.46667 0.00329703
7.47733 0.00312536
7.488 0.00295046
7.49867 0.00309263
7.50933 0.00326898
7.52 0.00339502
7.53067 0.00361492
7.54133 0.00351873
7.552 0.00327482
7.56267 0.00309869
7.57333 0.00297881
7.584 0.00276178
7.59467 0.00268024
7.60533 0.00261955
7.616 0.00278137
7.62667 0.00280455
7.63733 0.00279458
7.648 0.00272169
7.65867 0.00281202
7.66933 0.0029284
7.68 0.00301767
7.69067 0.00304104
7.70133 0.00309682
7.712 0.00307422
7.72267 0.00282158
7.73333 0.00244793
7.744 0.00226104
7.75467 0.00210122
7.76533 0.00191927
7.776 0.00197836
7.78667 0.00213034
7.79733 0.00241291
7.808 0.00268447
7.81867 0.00276929
7.82933 0.00322537
7.84 0.00369755
7.85067 0.0038592
7.86133 0.00389636
7.872 0.0039009
7.88267 0.00463232
7.89333 0.00581881
7.904 0.00669555
7.91467 0.00686318
7.92533 0.0069475
7.936 0.00732439
7.94667 0.00798847
7.95733 0.00836073
7.968 0.00881788
7.97867 0.0091663
7.98933 0.00938323
8 0.00955792
8.01067 0.00982412
8.02133 0.0101032
8.032 0.0103468
8.04267 0.0105411
8.05333 0.0102771
8.064 0.00977868
8.07467 0.00963466
8.08533 0.00965917
8.096 0.00978056
8.10667 0.00910609
8.11733 0.00798031
8.128 0.00706951
8.13867 0.00684119
8.14933 0.00678409
8.16 0.00639139
8.17067 0.0058379
8.18133 0.00559411
8.192 0.00519155
8.20267 0.00496457
8.21333 0.00510932
8.224 0.0049934
8.23467 0.00460838
8.24533 0.00414155
8.256 0.00378085
8.26667 0.00351857
8.27733 0.0034038
8.288 0.00342965
8.29867 0.00331172
8.30933 0.00333639
8.32 0.00328179
8.33067 0.00340677
8.34133 0.00346939
8.352 0.00361465
8.36267 0.00392152
8.37333 0.00458474
8.384 0.00535037
8.39467 0.00620648
8.40533 0.00678047
8.416 0.00691442
8.42667 0.00685866
8.43733 0.00656346
8.448 0.00649113
8.45867 0.00649878
8.46933 0.00657014
8.48 0.00724242
8.49067 0.00919239
8.50133 0.0110662
8.512 0.0119783
8.52267 0.0121859
8.53333 0.0125079
8.544 0.0127029
8.55467 0.013276
8.56533 0.0145491
8.576 0.0156443
8.58667 0.0153789
8.59733 0.0146994
8.608 0.0139732
8.61867 0.0130328
8.62933 0.0123581
8.64 0.0133855
8.65067 0.0151944
8.66133 0.0168401
8.672 0.0169733
8.68267 0.016993
8.69333 0.0175439
8.704 0.0184925
8.71467 0.018125
8.72533 0.0166758
8.736 0.0156434
8.74667 0.015537
8.75733 0.0151554
8.768 0.0149933
8.77867 0.0142983
8.78933 0.0129716
8.8 0.0118156
8.81067 0.0120654
8.82133 0.0128161
8.832 0.0136435
8.84267 0.0144808
8.85333 0.0148363
8.864 0.0137594
8.87467 0.0120129
8.88533 0.0105259
8.896 0.0104309
8.90667 0.0104344
8.91733 0.00977337
8.928 0.00812129
8.93867 0.00660844
8.94933 0.00622837
8.96 0.0063361
8.97067 0.00634004
8.98133 0.00630309
8.992 0.00611158
9.00267 0.00595968
9.01333 0.00578382
9.024 0.00569666
9.03467 0.00549021
9.04533 0.00479284
9.056 0.00386418
9.06667 0.00299806
9.07733 0.00280132
9.088 0.00270013
9.09867 0.00260647
9.10933 0.00247414
9.12 0.00232614
9.13067 0.00216929
9.14133 0.0021462
9.152 0.00207858
9.16267 0.00189951
9.17333 0.00167295
9.184 0.00165066
9.19467 0.00158889
9.20533 0.00162901
9.216 0.00174632
9.22667 0.00182023
9.23733 0.00194379
9.248 0.0020944
9.25867 0.00210282
9.26933 0.00200689
9.28 0.00212616
9.29067 0.00225608
9.30133 0.00229493
9.312 0.00230171
9.32267 0.00221875
9.33333 0.00226427
9.344 0.00228607
9.35467 0.00244031
9.36533 0.00251236
9.376 0.00276611
9.38667 0.00305226
9.39733 0.0031514
9.408 0.00298394
9.41867 0.00296037
9.42933 0.00298793
9.44 0.0032072
9.45067 0.00335534
9.46133 0.00356654
9.472 0.00357904
9.48267 0.00360553
9.49333 0.00373385
9.504 0.00381531
9.51467 0.00376598
9.52533 0.0037136
9.536 0.00379344
9.54667 0.00395291
9.55733 0.00385828
9.568 0.00382222
9.57867 0.00376068
9.58933 0.00381066
9.6 0.00364549
9.61067 0.00339985
9.62133 0.00342469
9.632 0.0037424
9.64267 0.00386624
9.65333 0.00372739
9.664 0.00351737
9.67467 0.003344
9.68533 0.00314314
9.696 0.00318184
9.70667 0.00328302
9.71733 0.0034012
9.728 0.00351346
9.73867 0.00371355
9.74933 0.00384942
9.76 0.00382719
9.77067 0.00380418
9.78133 0.00385287
9.792 0.00403951
9.80267 0.00422157
9.81333 0.00420184
9.824 0.00424933
9.83467 0.00437133
9.84533 0.00426344
9.856 0.00404514
9.86667 0.00388019
9.87733 0.00390011
9.888 0.00382329
9.89867 0.00370818
9.90933 0.00362144
9.92 0.00345832
9.93067 0.00332233
9.94133 0.00322094
9.952 0.00298687
9.96267 0.00281042
9.97333 0.00274573
9.984 0.00284049
9.99467 0.00292844
10.0053 0.00299812
10.016 0.00287284
10.0267 0.00268992
10.0373 0.00259811
10.048 0.0027114
10.0587 0.00280372
10.0693 0.00287585
10.08 0.00291617
10.0907 0.00302521
10.1013 0.00311386
10.112 0.00313427
10.1227 0.00329059
10.1333 0.00342869
10.144 0.00353775
10.1547 0.00357223
10.1653 0.0035642
10.176 0.00366468
10.1867 0.00373777
10.1973 0.00375324
10.208 0.00372605
10.2187 0.00384501
10.2293 0.00402557
10.24 0.00409363
10.2507 0.00409324
10.2613 0.00413844
10.272 0.00393003
10.2827 0.00378332
10.2933 0.00370523
10.304 0.00373105
10.3147 0.00361575
10.3253 0.00347831
10.336 0.00349952
10.3467 0.00339183
10.3573 0.00312483
10.368 0.0030092
10.3787 0.00303599
10.3893 0.0030121
10.4 0.00288238
10.4107 0.00278452
10.4213 0.00274922
10.432 0.00285218
10.4427 0.00270622
10.4533 0.00259384
10.464 0.00267807
10.4747 0.00286808
10.4853 0.00288473
10.496 0.00286483
10.5067 0.00287024
10.5173 0.00279797
10.528 0.00264745
10.5387 0.00274768
10.5493 0.00314174
10.56 0.00340087
10.5707 0.00354235
10.5813 0.00381171
10.592 0.00392253
10.6027 0.00391765
10.6133 0.00399885
10.624 0.0041221
10.6347 0.0041741
10.6453 0.00417915
10.656 0.00399594
10.6667 0.00401749
10.6773 0.00395428
10.688 0.00382066
10.6987 0.0036798
10.7093 0.00368246
10.72 0.00401028
10.7307 0.00422239
10.7413 0.0045124
10.752 0.00462587
10.7627 0.00454235
10.7733 0.00416805
10.784 0.00389574
10.7947 0.00381878
10.8053 0.00370424
10.816 0.00375739
10.8267 0.00382225
10.8373 0.00390344
10.848 0.00417618
10.8587 0.00450424
10.8693 0.00448753
10.88 0.004531
10.8907 0.00445834
10.9013 0.00433137
10.912 0.00430769
10.9227 0.00430711
10.9333 0.0042807
10.944 0.00407544
10.9547 0.00407356
10.9653 0.00407166
10.976 0.00406137
10.9867 0.00410516
10.9973 0.00424322
11.008 0.00419757
11.0187 0.00414927
11.0293 0.00422981
11.04 0.00414025
11.0507 0.00412935
11.0613 0.00413812
11.072 0.0039307
11.0827 0.00371154
11.0933 0.0038143
11.104 0.00389171
11.1147 0.00401037
11.1253 0.0042954
11.136 0.00446275
11.1467 0.00455437
11.1573 0.00468784
11.168 0.00480471
11.1787 0.00473465
11.1893 0.00456281
11.2 0.00451199
11.2107 0.00442
11.2213 0.00431644
11.232 0.00452805
11.2427 0.00475537
11.2533 0.00467237
11.264 0.00450503
11.2747 0.0043396
11.2853 0.00417853
11.296 0.00429247
11.3067 0.00419265
11.3173 0.00399824
11.328 0.00389496
11.3387 0.00379086
11.3493 0.00356212
11.36 0.00336574
11.3707 0.00329228
11.3813 0.00331231
11.392 0.00330141
11.4027 0.00335027
11.4133 0.00342378
11.424 0.00351954
11.4347 0.00371008
11.4453 0.0038106
11.456 0.00367981
11.4667 0.00355829
11.4773 0.00366371
11.488 0.00388874
11.4987 0.00402217
11.5093 0.00407596
11.52 0.00392166
11.5307 0.00386342
11.5413 0.00390366
11.552 0.00396317
11.5627 0.00420525
11.5733 0.00439545
11.584 0.00449401
11.5947 0.00444399
11.6053 0.00435983
11.616 0.00424837
11.6267 0.00414689
11.6373 0.00418161
11.648 0.0043236
11.6587 0.00432516
11.6693 0.00425943
11.68 0.00430824
11.6907 0.0042751
11.7013 0.00423819
11.712 0.00425216
11.7227 0.00425204
11.7333 0.00425427
11.744 0.00424985
11.7547 0.00430693
11.7653 0.00420973
11.776 0.00416144
11.7867 0.00399672
11.7973 0.00399583
11.808 0.00404317
11.8187 0.00420988
11.8293 0.00444985
11.84 0.00470989
11.8507 0.00477774
11.8613 0.00471545
11.872 0.00451798
11.8827 0.0044772
11.8933 0.00455198
11.904 0.0045171
11.9147 0.00448566
11.9253 0.00455221
11.936 0.00468009
11.9467 0.00469551
11.9573 0.00469812
11.968 0.00471819
11.9787 0.00473138
11.9893 0.00497294
12 0.00505165
12.0107 0.00507907
12.0213 0.00500101
12.032 0.00497131
12.0427 0.00481711
12.0533 0.00447148
12.064 0.00431218
12.0747 0.00434578
12.0853 0.00470184
12.096 0.00502334
12.1067 0.00503642
12.1173 0.00497683
12.128 0.00495374
12.1387 0.00490757
12.1493 0.00488399
12.16 0.0048245
12.1707 0.00471689
12.1813 0.00474225
12.192 0.00504509
12.2027 0.00524148
12.2133 0.00503887
12.224 0.00483014
12.2347 0.00470821
12.2453 0.00467209
12.256 0.00459857
12.2667 0.00471007
12.2773 0.00484846
12.288 0.00468462
12.2987 0.0046028
12.3093 0.00442475
12.32 0.00428573
12.3307 0.00437072
12.3413 0.00456456
12.352 0.00465229
12.3627 0.00462967
12.3733 0.00449197
12.384 0.00428409
12.3947 0.00431935
12.4053 0.0043286
12.416 0.00396562
12.4267 0.00365863
12.4373 0.00365588
12.448 0.00367004
12.4587 0.0035751
12.4693 0.00351135
12.48 0.00344257
12.4907 0.00324331
12.5013 0.00305621
12.512 0.00310463
12.5227 0.00298555
12.5333 0.00277591
12.544 0.00269237
12.5547 0.00275827
12.5653 0.00256086
12.576 0.00238529
12.5867 0.00231271
12.5973 0.00219695
12.608 0.00212817
12.6187 0.00210856
12.6293 0.0020125
12.64 0.0020737
12.6507 0.00216374
12.6613 0.00224193
12.672 0.00243211
12.6827 0.00258501
12.6933 0.00253606
12.704 0.00260356
12.7147 0.00274721
12.7253 0.00294167
12.736 0.00302397
12.7467 0.00307758
12.7573 0.00318718
12.768 0.00313038
12.7787 0.00289071
12.7893 0.0030167
12.8 0.00317041
12.8107 0.00337451
12.8213 0.00356139
12.832 0.00378821
12.8427 0.00384398
12.8533 0.00411803
12.864 0.00428441
12.8747 0.00450493
12.8853 0.00480888
12.896 0.0050705
12.9067 0.0054266
12.9173 0.00616486
12.928 0.00675061
12.9387 0.00719166
12.9493 0.00741066
12.96 0.00757537
12.9707 0.00771463
12.9813 0.00785462
12.992 0.0081058
13.0027 0.00852566
13.0133 0.00883158
13.024 0.00909414
13.0347 0.0093632
13.0453 0.00965924
13.056 0.0100572
13.0667 0.0106369
13.0773 0.0112639
13.088 0.0120263
13.0987 0.0124918
13.1093 0.0128137
13.12 0.0130259
13.1307 0.0132896
13.1413 0.0134121
13.152 0.0137534
13.1627 0.0142263
13.1733 0.0147947
13.184 0.0153333
13.1947 0.0158061
13.2053 0.0163444
13.216 0.0169612
13.2267 0.017482
13.2373 0.0179523
13.248 0.0185797
13.2587 0.0191657
13.2693 0.0198196
13.28 0.020169
13.2907 0.0203179
13.3013 0.020305
13.312 0.0201525
13.3227 0.0200898
13.3333 0.0201445
13.344 0.0202095
13.3547 0.0201293
13.3653 0.0200399
13.376 0.0199581
13.3867 0.0198977
13.3973 0.0199353
13.408 0.0199091
13.4187 0.0199539
13.4293 0.0200828
13.44 0.0200999
13.4507 0.0199847
13.4613 0.0199284
13.472 0.0196288
13.4827 0.0193871
13.4933 0.0193058
13.504 0.0193968
13.5147 0.0194618
13.5253 0.019169
13.536 0.0188587
13.5467 0.0188081
13.5573 0.0190035
13.568 0.0192877
13.5787 0.0194479
13.5893 0.0195221
13.6 0.0193776
13.6107 0.0192508
13.6213 0.0192563
13.632 0.0194347
13.6427 0.0196314
13.6533 0.0195848
13.664 0.0194616
13.6747 0.0194125
13.6853 0.0193297
13.696 0.0194167
13.7067 0.0194302
13.7173 0.0192339
13.728 0.0189896
13.7387 0.0189136
13.7493 0.0189348
13.76 0.0190109
13.7707 0.0190982
13.7813 0.0188928
13.792 0.0186687
13.8027 0.0185612
13.8133 0.0185522
13.824 0.0186521
13.8347 0.0185595
13.8453 0.0182794
13.856 0.0179457
13.8667 0.0176936
13.8773 0.0174744
13.888 0.0172258
13.8987 0.0169994
13.9093 0.0167027
13.92 0.0163535
13.9307 0.0161231
13.9413 0.0160678
13.952 0.0159204
13.9627 0.0156005
13.9733 0.0154768
13.984 0.0152991
13.9947 0.0150632
14.0053 0.0148693
14.016 0.0146706
14.0267 0.0145557
14.0373 0.014459
14.048 0.0141447
14.0587 0.0138736
14.0693 0.01362
14.08 0.0134902
14.0907 0.0132516
14.1013 0.0130024
14.112 0.0129163
14.1227 0.0129277
14.1333 0.0128977
14.144 0.0128491
14.1547 0.0128561
14.1653 0.0127608
14.176 0.0126558
14.1867 0.012639
14.1973 0.0125748
14.208 0.0124476
14.2187 0.0121416
14.2293 0.0119524
14.24 0.0118652
14.2507 0.011663
14.2613 0.0113116
14.272 0.0110919
14.2827 0.0108489
14.2933 0.0108046
14.304 0.0108115
14.3147 0.0107784
14.3253 0.0108286
14.336 0.0111085
14.3467 0.0111209
14.3573 0.0111352
14.368 0.0112002
14.3787 0.0110821
14.3893 0.0108867
14.4 0.0109624
14.4107 0.011113
14.4213 0.0112312
14.432 0.0114565
14.4427 0.0117253
14.4533 0.0118561
14.464 0.0119543
14.4747 0.0119113
14.4853 0.0118802
14.496 0.0119041
14.5067 0.0119594
14.5173 0.0117661
14.528 0.011776
14.5387 0.0124879
14.5493 0.0130236
14.56 0.0126405
14.5707 0.012257
14.5813 0.011876
14.592 0.0115134
14.6027 0.0113377
14.6133 0.0112407
14.624 0.0108877
14.6347 0.0108561
14.6453 0.0110412
14.656 0.0107618
14.6667 0.010418
14.6773 0.0101512
14.688 0.00991426
14.6987 0.00994983
14.7093 0.0101483
14.72 0.0112546
14.7307 0.0125739
14.7413 0.0132599
14.752 0.0137458
14.7627 0.0135005
14.7733 0.012836
14.784 0.0127127
14.7947 0.0129108
14.8053 0.0135588
14.816 0.0140291
14.8267 0.014187
14.8373 0.0151792
14.848 0.0162512
14.8587 0.0168234
14.8693 0.0172401
14.88 0.0179833
14.8907 0.0183301
14.9013 0.0182579
14.912 0.0179738
14.9227 0.0176603
14.9333 0.0172677
14.944 0.0159958
14.9547 0.0150226
14.9653 0.0149438
14.976 0.0144985
14.9867 0.0138779
14.9973 0.0136317
15.008 0.0134918
15.0187 0.0132013
15.0293 0.0124264
15.04 0.0118486
15.0507 0.0115901
15.0613 0.010544
15.072 0.00939653
15.0827 0.00829998
15.0933 0.00724423
15.104 0.00623463
15.1147 0.0056836
15.1253 0.00559895
15.136 0.00571465
15.1467 0.00568623
15.1573 0.00563111
15.168 0.00555428
15.1787 0.00504863
15.1893 0.00429676
15.2 0.00383161
15.2107 0.00385935
15.2213 0.00404677
15.232 0.00411883
15.2427 0.00416298
15.2533 0.00430763
15.264 0.00447798
15.2747 0.00451683
15.2853 0.00439068
15.296 0.00438881
15.3067 0.00447444
15.3173 0.00449994
15.328 0.0046348
15.3387 0.00494471
15.3493 0.00521902
15.36 0.00535348
15.3707 0.00544363
15.3813 0.0056104
15.392 0.00565361
15.4027 0.00566325
15.4133 0.00570508
15.424 0.00565489
15.4347 0.00550595
15.4453 0.00538262
15.456 0.00533768
15.4667 0.00525519
15.4773 0.00524654
15.488 0.00516548
15.4987 0.00502796
15.5093 0.00484262
15.52 0.00470098
15.5307 0.00467854
15.5413 0.00485267
15.552 0.00485091
15.5627 0.00470648
15.5733 0.00449946
15.584 0.00432177
15.5947 0.00427028
15.6053 0.0041388
15.616 0.00404198
15.6267 0.00398637
15.6373 0.00398463
15.648 0.00404854
15.6587 0.00413418
15.6693 0.00413608
15.68 0.00409031
15.6907 0.004132
15.7013 0.00412054
15.712 0.00421912
15.7227 0.00430502
15.7333 0.00439318
15.744 0.00448188
15.7547 0.00443196
15.7653 0.00436584
15.776 0.00442139
15.7867 0.00446565
15.7973 0.00444651
15.808 0.00441209
15.8187 0.00434135
15.8293 0.00431663
15.84 0.00439854
15.8507 0.00441264
15.8613 0.00440707
15.872 0.00427201
15.8827 0.00409921
15.8933 0.00399645
15.904 0.00395705
15.9147 0.00374398
15.9253 0.00383535
15.936 0.00394679
15.9467 0.00394057
15.9573 0.00387219
15.968 0.00372606
15.9787 0.00382799
15.9893 0.00384128
16 0.00379277
16.0107 0.00373061
16.0213 0.00377873
16.032 0.00382925
16.0427 0.00398199
16.0533 0.00400257
16.064 0.00387594
16.0747 0.00380791
16.0853 0.00369661
16.096 0.00378873
16.1067 0.00386471
16.1173 0.00398839
16.128 0.0040637
16.1387 0.00434495
16.1493 0.00441739
16.16 0.0042996
16.1707 0.00422978
16.1813 0.00430085
16.192 0.00451119
16.2027 0.00469809
16.2133 0.00467749
16.224 0.00455979
16.2347 0.00455923
16.2453 0.00454198
16.256 0.00453489
16.2667 0.00446254
16.2773 0.00437615
16.288 0.00455301
16.2987 0.00472884
16.3093 0.00496688
16.32 0.00504378
16.3307 0.00507797
16.3413 0.00511369
16.352 0.0053184
16.3627 0.00546098
16.3733 0.00533974
16.384 0.00527429
16.3947 0.00535624
16.4053 0.00536894
16.416 0.00521913
16.4267 0.00486217
16.4373 0.00456542
16.448 0.004548
16.4587 0.00451413
16.4693 0.00436767
16.48 0.00431213
16.4907 0.00423681
16.5013 0.00429751
16.512 0.00416132
16.5227 0.0040446
16.5333 0.00404066
16.544 0.00404553
16.5547 0.00400719
16.5653 0.00388801
16.576 0.00359352
16.5867 0.00325193
16.5973 0.00322183
16.608 0.00334189
16.6187 0.00326275
16.6293 0.00328072
16.64 0.00324915
16.6507 0.00328638
16.6613 0.00335227
16.672 0.00346067
16.6827 0.00347049
16.6933 0.00359012
16.704 0.00373266
16.7147 0.00379869
16.7253 0.00377292
16.736 0.00388763
16.7467 0.00395645
16.7573 0.00382748
16.768 0.00368312
16.7787 0.00365449
16.7893 0.00348963
16.8 0.00338896
16.8107 0.00343652
16.8213 0.00340413
16.832 0.00323045
16.8427 0.00314182
16.8533 0.00307368
16.864 0.00312883
16.8747 0.00313467
16.8853 0.00319575
16.896 0.00311526
16.9067 0.00313978
16.9173 0.00309962
16.928 0.00289579
16.9387 0.00279356
16.9493 0.00286248
16.96 0.00280934
16.9707 0.00265602
16.9813 0.00251666
16.992 0.00245919
17.0027 0.00231895
17.0133 0.00236149
17.024 0.00253763
17.0347 0.0027514
17.0453 0.00284638
17.056 0.00287889
17.0667 0.0029437
17.0773 0.00293899
17.088 0.00294155
17.0987 0.00292636
17.1093 0.00290225
17.12 0.00301193
17.1307 0.00312115
17.1413 0.00316287
17.152 0.00327321
17.1627 0.00334995
17.1733 0.00323857
17.184 0.00312463
17.1947 0.00319705
17.2053 0.00337056
17.216 0.00345647
17.2267 0.00356968
17.2373 0.00365193
17.248 0.00364214
17.2587 0.00341939
17.2693 0.00320087
17.28 0.00357848
17.2907 0.00422149
17.3013 0.00450434
17.312 0.00449548
17.3227 0.00450129
17.3333 0.00449149
17.344 0.00436791
17.3547 0.00425243
17.3653 0.0041865
17.376 0.00417873
17.3867 0.00416064
17.3973 0.00419838
17.408 0.00428297
17.4187 0.00425732
17.4293 0.00414807
17.44 0.00417386
17.4507 0.00427086
17.4613 0.0043111
17.472 0.0042397
17.4827 0.0041726
17.4933 0.00424715
17.504 0.00385151
17.5147 0.00328372
17.5253 0.0031014
17.536 0.00324047
17.5467 0.00346939
17.5573 0.00361713
17.568 0.00365151
17.5787 0.00367492
17.5893 0.00366711
17.6 0.00354891
17.6107 0.00342821
17.6213 0.00334623
17.632 0.00322727
17.6427 0.00310213
17.6533 0.00300423
17.664 0.00284037
17.6747 0.00268386
17.6853 0.00256202
17.696 0.00255709
17.7067 0.00247579
17.7173 0.00240214
17.728 0.00229413
17.7387 0.00219453
17.7493 0.00205879
17.76 0.00191548
17.7707 0.00174038
17.7813 0.00169322
17.792 0.00163963
17.8027 0.00152828
17.8133 0.00156931
17.824 0.00156947
17.8347 0.00166854
17.8453 0.00171483
17.856 0.00179513
17.8667 0.00192095
17.8773 0.00214098
17.888 0.00229354
17.8987 0.00229943
17.9093 0.00242462
17.92 0.00290489
17.9307 0.00358944
17.9413 0.0037385
17.952 0.00391198
17.9627 0.00407977
17.9733 0.00463961
17.984 0.00527224
17.9947 0.00537487
18.0053 0.00532332
18.016 0.00538406
18.0267 0.00559523
18.0373 0.00576686
18.048 0.00611988
18.0587 0.00622561
18.0693 0.00628795
18.08 0.00635086
18.0907 0.00630037
18.1013 0.00619286
18.112 0.00610076
18.1227 0.00622894
18.1333 0.00626661
18.144 0.0057767
18.1547 0.00534
18.1653 0.00534169
18.176 0.00531309
18.1867 0.00526592
18.1973 0.0048383
18.208 0.00433813
18.2187 0.00434004
18.2293 0.00439866
18.24 0.00436984
18.2507 0.00428878
18.2613 0.00418705
18.272 0.0039259
18.2827 0.00386707
18.2933 0.00402498
18.304 0.00411415
18.3147 0.00418524
18.3253 0.00427673
18.336 0.00436451
18.3467 0.0042926
18.3573 0.00417008
18.368 0.00427708
18.3787 0.00436668
18.3893 0.00445731
18.4 0.00437985
18.4107 0.00432396
18.4213 0.00429847
18.432 0.00422713
18.4427 0.00412136
18.4533 0.00409256
18.464 0.00413588
18.4747 0.00407894
18.4853 0.00400255
18.496 0.00413791
18.5067 0.00430933
18.5173 0.00421222
18.528 0.00460196
18.5387 0.00507514
18.5493 0.00506084
18.56 0.00495305
18.5707 0.00497407
18.5813 0.0052805
18.592 0.00553628
18.6027 0.00575465
18.6133 0.00580487
18.624 0.00586267
18.6347 0.00591212
18.6453 0.00591494
18.656 0.00581534
18.6667 0.0057638
18.6773 0.00574867
18.688 0.00568023
18.6987 0.00567944
18.7093 0.0057604
18.72 0.00576153
18.7307 0.0056366
18.7413 0.00562937
18.752 0.00521398
18.7627 0.00481198
18.7733 0.00473892
18.784 0.00481326
18.7947 0.00478597
18.8053 0.0045208
18.816 0.0041549
18.8267 0.00378464
18.8373 0.0034838
18.848 0.00334312
18.8587 0.00327492
18.8693 0.00329947
18.88 0.00337055
18.8907 0.0033351
18.9013 0.00316529
18.912 0.00315914
18.9227 0.00311509
18.9333 0.00296538
18.944 0.00279529
18.9547 0.00269761
18.9653 0.00258367
18.976 0.00246205
18.9867 0.00238674
18.9973 0.00252888
19.008 0.00258998
19.0187 0.00255753
19.0293 0.00255734
19.04 0.00266153
19.0507 0.00270036
19.0613 0.00275963
19.072 0.00278108
19.0827 0.00280722
19.0933 0.00285975
19.104 0.00287744
19.1147 0.00300235
19.1253 0.00322465
19.136 0.00329552
19.1467 0.00333154
19.1573 0.00329328
19.168 0.00321034
19.1787 0.00331679
19.1893 0.00342342
19.2 0.00356932
19.2107 0.00364249
19.2213 0.00349282
19.232 0.00347259
19.2427 0.00345842
19.2533 0.00329946
19.264 0.00317852
19.2747 0.00302175
19.2853 0.00293235
19.296 0.00293063
19.3067 0.00302764
19.3173 0.00303348
19.328 0.00302707
19.3387 0.0029607
19.3493 0.00294473
19.36 0.00301044
19.3707 0.00309072
19.3813 0.00333111
19.392 0.00353093
19.4027 0.00343389
19.4133 0.00336744
19.424 0.00334269
19.4347 0.00334059
19.4453 0.00357226
19.456 0.0037334
19.4667 0.00405222
19.4773 0.00440661
19.488 0.00456714
19.4987 0.00474358
19.5093 0.0049179
19.52 0.00504631
19.5307 0.00495425
19.5413 0.0049769
19.552 0.0050885
19.5627 0.0052218
19.5733 0.00529852
19.584 0.00525702
19.5947 0.00525732
19.6053 0.00508282
19.616 0.00497831
19.6267 0.0050599
19.6373 0.00526381
19.648 0.00531463
19.6587 0.00532543
19.6693 0.00508184
19.68 0.00500098
19.6907 0.00495719
19.7013 0.00489036
19.712 0.00485351
19.7227 0.00506454
19.7333 0.00536649
19.744 0.00552168
19.7547 0.00567313
19.7653 0.00566884
19.776 0.00567318
19.7867 0.00577406
19.7973 0.00577517
19.808 0.00581069
19.8187 0.0058698
19.8293 0.005908
19.84 0.00593264
19.8507 0.00591231
19.8613 0.00571322
19.872 0.00562287
19.8827 0.00572203
19.8933 0.0058843
19.904 0.00590634
19.9147 0.00581524
19.9253 0.00575387
19.936 0.00582958
19.9467 0.00564018
19.9573 0.00529486
19.968 0.0051107
19.9787 0.00500144
19.9893 0.00494341
20 0.00491352
20.0107 0.00495473
20.0213 0.00531467
20.032 0.00553776
20.0427 0.00553916
20.0533 0.00553483
20.064 0.00568449
20.0747 0.00592084
20.0853 0.00611226
20.096 0.0060252
20.1067 0.00591672
20.1173 0.00634635
20.128 0.00678869
20.1387 0.0067534
20.1493 0.00688322
20.16 0.0072133
20.1707 0.00838309
20.1813 0.00962199
20.192 0.0100422
20.2027 0.0106546
20.2133 0.0110209
20.224 0.0110843
20.2347 0.0109688
20.2453 0.0104602
20.256 0.0101811
20.2667 0.010196
20.2773 0.0103081
20.288 0.0101582
20.2987 0.0100179
20.3093 0.0101905
20.32 0.0106612
20.3307 0.011158
20.3413 0.0114289
20.352 0.0114198
20.3627 0.0115783
20.3733 0.0115402
20.384 0.0117347
20.3947 0.01168
20.4053 0.0118914
20.416 0.0133555
20.4267 0.0142805
20.4373 0.0156252
20.448 0.0169046
20.4587 0.0178724
20.4693 0.0185957
20.48 0.0195493
20.4907 0.0205084
20.5013 0.0211515
20.512 0.0219558
20.5227 0.0223306
20.5333 0.0222238
20.544 0.0225642
20.5547 0.022957
20.5653 0.0228348
20.576 0.0226883
20.5867 0.0227142
20.5973 0.0230547
20.608 0.0228608
20.6187 0.0218685
20.6293 0.0206938
20.64 0.0189651
20.6507 0.017676
20.6613 0.0175769
20.672 0.0180673
20.6827 0.018453
20.6933 0.0195324
20.704 0.0200825
20.7147 0.0195991
20.7253 0.0192652
20.736 0.019536
20.7467 0.0203989
20.7573 0.0209922
20.768 0.0209028
20.7787 0.0205527
20.7893 0.0201787
20.8 0.0200477
20.8107 0.0202643
20.8213 0.0213423
20.832 0.0225198
20.8427 0.0232355
20.8533 0.0237808
20.864 0.0243356
20.8747 0.0247888
20.8853 0.0240606
20.896 0.0232964
20.9067 0.0225538
20.9173 0.0212512
20.928 0.0201858
20.9387 0.0202676
20.9493 0.0202739
20.96 0.0195388
20.9707 0.018653
20.9813 0.0184609
20.992 0.0183667
21.0027 0.0192615
21.0133 0.020741
21.024 0.0217403
21.0347 0.0220302
21.0453 0.0209637
21.056 0.0198901
21.0667 0.0196824
21.0773 0.0196316
21.088 0.0199782
21.0987 0.0202949
21.1093 0.0202218
21.12 0.0199269
21.1307 0.0200731
21.1413 0.0202507
21.152 0.0207393
21.1627 0.021756
21.1733 0.0231
21.184 0.0242778
21.1947 0.0255641
21.2053 0.0263578
21.216 0.026422
21.2267 0.0255948
21.2373 0.0246361
21.248 0.0242538
21.2587 0.0243112
21.2693 0.0242994
21.28 0.0244861
21.2907 0.0246517
21.3013 0.0244497
21.312 0.0239054
21.3227 0.023644
21.3333 0.0240865
21.344 0.024459
21.3547 0.0244908
21.3653 0.0245944
21.376 0.0244205
21.3867 0.0234293
21.3973 0.0232966
21.408 0.0236203
21.4187 0.0234593
21.4293 0.0235064
21.44 0.0240858
21.4507 0.0251153
21.4613 0.0257276
21.472 0.025972
21.4827 0.0264
21.4933 0.0281009
21.504 0.0295121
21.5147 0.0303321
21.5253 0.0309175
21.536 0.0315126
21.5467 0.0316678
21.5573 0.0316692
21.568 0.0317372
21.5787 0.0319271
21.5893 0.0324934
21.6 0.0334404
21.6107 0.0345384
21.6213 0.0347254
21.632 0.0342421
21.6427 0.0338507
21.6533 0.0334391
21.664 0.0335582
21.6747 0.0332577
21.6853 0.0329938
21.696 0.0331806
21.7067 0.0331688
21.7173 0.0324058
21.728 0.0318583
21.7387 0.0316452
21.7493 0.0320013
21.76 0.0323005
21.7707 0.032779
21.7813 0.0326023
21.792 0.0325827
21.8027 0.0329939
21.8133 0.0332707
21.824 0.0327393
21.8347 0.0323463
21.8453 0.0321013
21.856 0.032496
21.8667 0.0330475
21.8773 0.0335351
21.888 0.0336906
21.8987 0.0335928
21.9093 0.0336801
21.92 0.0336175
21.9307 0.0334793
21.9413 0.0335148
21.952 0.0334249
21.9627 0.0333183
21.9733 0.0333927
21.984 0.0335422
21.9947 0.0337602
22.0053 0.0341314
22.016 0.034274
22.0267 0.0344072
22.0373 0.0345618
22.048 0.034983
22.0587 0.0350023
22.0693 0.0348158
22.08 0.0345245
22.0907 0.0343263
22.1013 0.0340434
22.112 0.0341377
22.1227 0.034542
22.1333 0.0350117
22.144 0.0358772
22.1547 0.037182
22.1653 0.0377807
22.176 0.038328
22.1867 0.0389275
22.1973 0.0391383
22.208 0.039134
22.2187 0.0388742
22.2293 0.0390448
22.24 0.0393364
22.2507 0.0397754
22.2613 0.0399324
22.272 0.0396038
22.2827 0.0394034
22.2933 0.0396985
22.304 0.0407709
22.3147 0.0416985
22.3253 0.0420056
22.336 0.041891
22.3467 0.0417797
22.3573 0.0415719
22.368 0.0410197
22.3787 0.0400306
22.3893 0.0393664
22.4 0.038822
22.4107 0.0383002
22.4213 0.038081
22.432 0.0383096
22.4427 0.0387252
22.4533 0.0389195
22.464 0.0390769
22.4747 0.038901
22.4853 0.0392695
22.496 0.0402118
22.5067 0.0407733
22.5173 0.0406837
22.528 0.0396683
22.5387 0.0387085
22.5493 0.0386504
22.56 0.0387634
22.5707 0.0386279
22.5813 0.0388087
22.592 0.0388517
22.6027 0.0388505
22.6133 0.0392827
22.624 0.0397647
22.6347 0.0405877
22.6453 0.0410582
22.656 0.0409397
22.6667 0.0406584
22.6773 0.0402584
22.688 0.0397822
22.6987 0.039221
22.7093 0.0385093
22.72 0.037787
22.7307 0.0375269
22.7413 0.0377486
22.752 0.0378406
22.7627 0.0379074
22.7733 0.0379403
22.784 0.0379872
22.7947 0.0381051
22.8053 0.037911
22.816 0.0378965
22.8267 0.0381115
22.8373 0.0382615
22.848 0.0380606
22.8587 0.0376438
22.8693 0.0374147
22.88 0.0373436
22.8907 0.0374612
22.9013 0.037709
22.912 0.0381962
22.9227 0.0388056
22.9333 0.0390925
22.944 0.0393258
22.9547 0.039424
22.9653 0.039585
22.976 0.0402743
22.9867 0.0405158
22.9973 0.0405596
23.008 0.0411317
23.0187 0.0419186
23.0293 0.0423542
23.04 0.0425595
23.0507 0.0429991
23.0613 0.0432705
23.072 0.0433424
23.0827 0.0433035
23.0933 0.043292
23.104 0.0437382
23.1147 0.0445378
23.1253 0.0450306
23.136 0.0448764
23.1467 0.0446359
23.1573 0.0446467
23.168 0.045095
23.1787 0.045406
23.1893 0.0449257
23.2 0.0443153
23.2107 0.0441517
23.2213 0.0439729
23.232 0.0432342
23.2427 0.0428151
23.2533 0.0429565
23.264 0.0430965
23.2747 0.0428832
23.2853 0.0420851
23.296 0.0418034
23.3067 0.0415296
23.3173 0.0409608
23.328 0.0406497
23.3387 0.0402147
23.3493 0.0397071
23.36 0.0395161
23.3707 0.0391575
23.3813 0.0387508
23.392 0.0384246
23.4027 0.0383615
23.4133 0.03874
23.424 0.038747
23.4347 0.0394185
23.4453 0.0402442
23.456 0.04009
23.4667 0.0396059
23.4773 0.039105
23.488 0.0389159
23.4987 0.0389005
23.5093 0.0396631
23.52 0.0401677
23.5307 0.0400177
23.5413 0.0402912
23.552 0.0405837
23.5627 0.0410403
23.5733 0.0415249
23.584 0.0422554
23.5947 0.0431571
23.6053 0.0432922
23.616 0.0433747
23.6267 0.0432328
23.6373 0.0431499
23.648 0.0432542
23.6587 0.0425016
23.6693 0.0418054
23.68 0.0420532
23.6907 0.0422532
23.7013 0.0422965
23.712 0.0426761
23.7227 0.0429313
23.7333 0.0427053
23.744 0.0423902
23.7547 0.0428013
23.7653 0.0430826
23.776 0.0432553
23.7867 0.0426298
23.7973 0.0422874
23.808 0.0420734
23.8187 0.0416651
23.8293 0.0414054
23.84 0.0415136
23.8507 0.0420273
23.8613 0.0418776
23.872 0.0410564
23.8827 0.0404276
23.8933 0.0400634
23.904 0.0398215
23.9147 0.0394278
23.9253 0.0393257
23.936 0.0387313
23.9467 0.0382636
23.9573 0.0377974
23.968 0.0372625
23.9787 0.0364308
23.9893 0.0355558
24 0.0344135
24.0107 0.0338344
24.0213 0.0334962
24.032 0.0326216
24.0427 0.0318821
24.0533 0.0316765
24.064 0.030429
24.0747 0.0289236
24.0853 0.0282661
24.096 0.0284385
24.1067 0.029082
24.1173 0.0292593
24.128 0.0290334
24.1387 0.0289936
24.1493 0.0286582
24.16 0.0286707
24.1707 0.0284769
24.1813 0.0281649
24.192 0.0281645
24.2027 0.028056
24.2133 0.0281229
24.224 0.0287316
24.2347 0.0290834
24.2453 0.029008
24.256 0.0294271
24.2667 0.0300082
24.2773 0.0306089
24.288 0.0316922
24.2987 0.0327906
24.3093 0.0335323
24.32 0.0340203
24.3307 0.0341373
24.3413 0.0344172
24.352 0.0346966
24.3627 0.0351945
24.3733 0.0359745
24.384 0.0360056
24.3947 0.0357539
24.4053 0.0356418
24.416 0.035625
24.4267 0.0358292
24.4373 0.0358733
24.448 0.0356934
24.4587 0.0364012
24.4693 0.0375442
24.48 0.037987
24.4907 0.0375057
24.5013 0.0371293
24.512 0.0365941
24.5227 0.0358653
24.5333 0.0351434
24.544 0.0345544
24.5547 0.0340387
24.5653 0.0339724
24.576 0.0343112
24.5867 0.033804
24.5973 0.03294
24.608 0.0326979
24.6187 0.032849
24.6293 0.0326639
24.64 0.0324115
24.6507 0.032474
24.6613 0.032662
24.672 0.0322574
24.6827 0.0310077
24.6933 0.02948
24.704 0.0283069
24.7147 0.0279696
24.7253 0.0275155
24.736 0.0269503
24.7467 0.0265133
24.7573 0.0262363
24.768 0.026075
24.7787 0.0257033
24.7893 0.0251071
24.8 0.0245149
24.8107 0.0246436
24.8213 0.0246864
24.832 0.0242091
24.8427 0.0235881
24.8533 0.0234553
24.864 0.0235331
24.8747 0.0236874
24.8853 0.0238771
24.896 0.0243441
24.9067 0.0248395
24.9173 0.0248479
24.928 0.0248817
24.9387 0.0250743
24.9493 0.0251043
24.96 0.0251646
24.9707 0.0259374
24.9813 0.0265131
24.992 0.0263595
25.0027 0.0268918
25.0133 0.0277844
25.024 0.0282359
25.0347 0.0277659
25.0453 0.0275282
25.056 0.0277801
25.0667 0.028251
25.0773 0.0283816
25.088 0.0280712
25.0987 0.0278963
25.1093 0.02759
25.12 0.0271143
25.1307 0.0266637
25.1413 0.0266931
25.152 0.0276531
25.1627 0.0287101
25.1733 0.0294343
25.184 0.0297028
25.1947 0.0291132
25.2053 0.028624
25.216 0.0285488
25.2267 0.0278243
25.2373 0.0265803
25.248 0.0255404
25.2587 0.0254271
25.2693 0.0253324
25.28 0.0248614
25.2907 0.024399
25.3013 0.0241898
25.312 0.0241945
25.3227 0.02421
25.3333 0.0240993
25.344 0.0239107
25.3547 0.0236919
25.3653 0.0235926
25.376 0.0230234
25.3867 0.0218983
25.3973 0.02114
25.408 0.0208358
25.4187 0.0208188
25.4293 0.0208294
25.44 0.0215401
25.4507 0.0222872
25.4613 0.0224794
25.472 0.0225486
25.4827 0.022354
25.4933 0.0222551
25.504 0.0223586
25.5147 0.022349
25.5253 0.0224566
25.536 0.0223891
25.5467 0.0219874
25.5573 0.0217367
25.568 0.0214931
25.5787 0.0211296
25.5893 0.0207281
25.6 0.0200224
25.6107 0.0196904
25.6213 0.0196329
25.632 0.0199893
25.6427 0.0205442
25.6533 0.0207165
25.664 0.0199519
25.6747 0.0193999
25.6853 0.0193752
25.696 0.0193517
25.7067 0.0193992
25.7173 0.0193862
25.728 0.0195882
25.7387 0.0197632
25.7493 0.019686
25.76 0.0197577
25.7707 0.0197854
25.7813 0.0198319
25.792 0.0201782
25.8027 0.0205638
25.8133 0.0208981
25.824 0.0211721
25.8347 0.0210936
25.8453 0.0209696
25.856 0.0204551
25.8667 0.0197975
25.8773 0.0196052
25.888 0.0196425
25.8987 0.0191631
25.9093 0.0186479
25.92 0.0185561
25.9307 0.0189526
25.9413 0.0192473
25.952 0.0189086
25.9627 0.0185093
25.9733 0.0187057
25.984 0.0189127
25.9947 0.0187435
26.0053 0.0183971
26.016 0.0177875
26.0267 0.0172918
26.0373 0.0167082
26.048 0.0161461
26.0587 0.0158338
26.0693 0.0154493
26.08 0.0151607
26.0907 0.0151557
26.1013 0.0154231
26.112 0.0156457
26.1227 0.0163271
26.1333 0.0173483
26.144 0.0178351
26.1547 0.0173027
26.1653 0.0167363
26.176 0.0166044
26.1867 0.0164341
26.1973 0.0158268
26.208 0.0151655
26.2187 0.0147817
26.2293 0.0147839
26.24 0.01502
26.2507 0.0150214
26.2613 0.0152009
26.272 0.0153209
26.2827 0.0154163
26.2933 0.0161322
26.304 0.0172955
26.3147 0.0177649
26.3253 0.0176065
26.336 0.0175007
26.3467 0.0177732
26.3573 0.0177655
26.368 0.018059
26.3787 0.0191123
26.3893 0.0198197
26.4 0.0198434
26.4107 0.0201794
26.4213 0.0211736
26.432 0.0225249
26.4427 0.0237992
26.4533 0.0244609
26.464 0.0245492
26.4747 0.0246157
26.4853 0.0247551
26.496 0.0262342
26.5067 0.0278161
26.5173 0.0278348
26.528 0.0274906
26.5387 0.0274892
26.5493 0.0275472
26.56 0.0273089
26.5707 0.0265637
26.5813 0.02633
26.592 0.0260079
26.6027 0.0249003
26.6133 0.0241395
26.624 0.0241314
26.6347 0.0241957
26.6453 0.0235362
26.656 0.0223724
26.6667 0.0217857
26.6773 0.0219354
26.688 0.0222585
26.6987 0.0223087
26.7093 0.0223075
26.72 0.0210057
26.7307 0.0200163
26.7413 0.0202475
26.752 0.02019
26.7627 0.0198501
26.7733 0.0195027
26.784 0.0196351
26.7947 0.0198266
26.8053 0.0198028
26.816 0.020563
26.8267 0.0219522
26.8373 0.0228711
26.848 0.0230738
26.8587 0.0231622
26.8693 0.02338
26.88 0.0237065
26.8907 0.023398
26.9013 0.0224191
26.912 0.0219914
26.9227 0.0221722
26.9333 0.021972
26.944 0.0216603
26.9547 0.0208716
26.9653 0.0200319
26.976 0.019421
26.9867 0.0189166
26.9973 0.0187198
27.008 0.0184231
27.0187 0.0179326
27.0293 0.0172786
27.04 0.0161217
27.0507 0.0153114
27.0613 0.0147796
27.072 0.0148479
27.0827 0.0148262
27.0933 0.0143404
27.104 0.0140574
27.1147 0.0141776
27.1253 0.0145574
27.136 0.0147803
27.1467 0.0146645
27.1573 0.0145293
27.168 0.0145305
27.1787 0.0146482
27.1893 0.0145049
27.2 0.0144704
27.2107 0.0150742
27.2213 0.0154386
27.232 0.0159025
27.2427 0.0165277
27.2533 0.0167604
27.264 0.0166289
27.2747 0.016201
27.2853 0.0162519
27.296 0.0161627
27.3067 0.0158297
27.3173 0.0160949
27.328 0.0163797
27.3387 0.0167689
27.3493 0.0170933
27.36 0.0171655
27.3707 0.0173101
27.3813 0.0177535
27.392 0.0183
27.4027 0.0184969
27.4133 0.0187779
27.424 0.018762
27.4347 0.018115
27.4453 0.0178348
27.456 0.0176389
27.4667 0.0172784
27.4773 0.017054
27.488 0.017847
27.4987 0.0189554
27.5093 0.0194743
27.52 0.0192196
27.5307 0.0192276
27.5413 0.0195864
27.552 0.0196086
27.5627 0.0189152
27.5733 0.0182488
27.584 0.0176871
27.5947 0.0172969
27.6053 0.0170402
27.616 0.0164251
27.6267 0.0162051
27.6373 0.0160307
27.648 0.0163667
27.6587 0.0167721
27.6693 0.0166262
27.68 0.0161748
27.6907 0.0162655
27.7013 0.0168121
27.712 0.0166942
27.7227 0.0157961
27.7333 0.0154242
27.744 0.0163399
27.7547 0.0169122
27.7653 0.0164595
27.776 0.016388
27.7867 0.0168829
27.7973 0.0175305
27.808 0.0180458
27.8187 0.018498
27.8293 0.0187656
27.84 0.019094
27.8507 0.0195412
27.8613 0.0196648
27.872 0.0190602
27.8827 0.018865
27.8933 0.0196249
27.904 0.0206426
27.9147 0.0209216
27.9253 0.0218105
27.936 0.0227997
27.9467 0.0234984
27.9573 0.0232718
27.968 0.0225511
27.9787 0.0221536
27.9893 0.0220957
28 0.0217834
28.0107 0.0213285
28.0213 0.0208673
28.032 0.0205148
28.0427 0.020073
28.0533 0.0197947
28.064 0.0198053
28.0747 0.0196368
28.0853 0.0196245
28.096 0.0200033
28.1067 0.0197626
28.1173 0.0188657
28.128 0.0180072
28.1387 0.0176386
28.1493 0.0163039
28.16 0.0148175
28.1707 0.0146957
28.1813 0.0152169
28.192 0.0150278
28.2027 0.01518
28.2133 0.0157913
28.224 0.0161948
28.2347 0.0162832
28.2453 0.0162186
28.256 0.016196
28.2667 0.0169434
28.2773 0.0179095
28.288 0.0183511
28.2987 0.0180204
28.3093 0.0180728
28.32 0.0185064
28.3307 0.0189707
28.3413 0.0190341
28.352 0.0190752
28.3627 0.0187785
28.3733 0.0185813
28.384 0.0183385
28.3947 0.0187086
28.4053 0.0197623
28.416 0.0213659
28.4267 0.0212879
28.4373 0.0208215
28.448 0.020515
28.4587 0.0206182
28.4693 0.0207214
28.48 0.0206135
28.4907 0.0197151
28.5013 0.0184141
28.512 0.0179385
28.5227 0.0183882
28.5333 0.0183266
28.544 0.0177629
28.5547 0.0174566
28.5653 0.0174312
28.576 0.0174159
28.5867 0.017671
28.5973 0.0179974
28.608 0.0184936
28.6187 0.0173465
28.6293 0.0152602
28.64 0.0134697
28.6507 0.0131126
28.6613 0.0128099
28.672 0.0124605
28.6827 0.01184
28.6933 0.011291
28.704 0.0109557
28.7147 0.0111913
28.7253 0.0116943
28.736 0.0116869
28.7467 0.0113048
28.7573 0.0108806
28.768 0.0106367
28.7787 0.0105092
28.7893 0.0104978
28.8 0.0108725
28.8107 0.0112691
28.8213 0.0110963
28.832 0.0105775
28.8427 0.0110053
28.8533 0.0121174
28.864 0.012726
28.8747 0.0125649
28.8853 0.0122732
28.896 0.0122817
28.9067 0.0126871
28.9173 0.012797
28.928 0.0127708
28.9387 0.0124697
28.9493 0.0119917
28.96 0.0118386
28.9707 0.0120188
28.9813 0.0122474
28.992 0.0122579
29.0027 0.0125349
29.0133 0.0131399
29.024 0.0137189
29.0347 0.0141584
29.0453 0.0149794
29.056 0.0160606
29.0667 0.0159056
29.0773 0.0153344
29.088 0.0151107
29.0987 0.0151967
29.1093 0.0153384
29.12 0.0151839
29.1307 0.014861
29.1413 0.0152847
29.152 0.0161672
29.1627 0.0167904
29.1733 0.0168754
29.184 0.0165757
29.1947 0.0163242
29.2053 0.0162036
29.216 0.0163112
29.2267 0.0160123
29.2373 0.0153172
29.248 0.0140955
29.2587 0.0130977
29.2693 0.0122393
29.28 0.0111981
29.2907 0.0107415
29.3013 0.0104497
29.312 0.0102197
29.3227 0.0100055
29.3333 0.00975689
29.344 0.00954527
29.3547 0.00947491
29.3653 0.00912447
29.376 0.00848716
29.3867 0.00815711
29.3973 0.0084473
29.408 0.0086953
29.4187 0.00851488
29.4293 0.00851555
29.44 0.00843947
29.4507 0.0083802
29.4613 0.00844923
29.472 0.00851574
29.4827 0.00829669
29.4933 0.00800849
29.504 0.0077307
29.5147 0.00728649
29.5253 0.00665421
29.536 0.0061564
29.5467 0.00653451
29.5573 0.00704187
29.568 0.00759113
29.5787 0.00808185
29.5893 0.00832724
29.6 0.00860073
29.6107 0.00842326
29.6213 0.00814444
29.632 0.00833572
29.6427 0.00873712
29.6533 0.00880073
29.664 0.00882372
29.6747 0.00882719
29.6853 0.00906782
29.696 0.00990717
29.7067 0.0108245
29.7173 0.0117752
29.728 0.0125467
29.7387 0.0134383
29.7493 0.0148518
29.76 0.0160174
29.7707 0.0162454
29.7813 0.0162218
29.792 0.0159999
29.8027 0.01564
29.8133 0.0154439
29.824 0.0151614
29.8347 0.0151086
29.8453 0.0150661
29.856 0.0149779
29.8667 0.0150964
29.8773 0.015234
29.888 0.0152585
29.8987 0.0151908
29.9093 0.015011
29.92 0.0142507
29.9307 0.0133402
29.9413 0.0124379
29.952 0.0120178
29.9627 0.0115999
29.9733 0.0105052
29.984 0.00959722
29.9947 0.00929739
30.0053 0.00930093
30.016 0.00945203
30.0267 0.00985576
30.0373 0.0105471
30.048 0.011505
30.0587 0.0119877
30.0693 0.0123446
30.08 0.0125333
30.0907 0.012367
30.1013 0.0120881
30.112 0.0117271
30.1227 0.0119093
30.1333 0.012246
30.144 0.0125476
30.1547 0.0128968
30.1653 0.0131033
30.176 0.0140743
30.1867 0.0152378
30.1973 0.0160852
30.208 0.0163631
30.2187 0.0165993
30.2293 0.0166515
30.24 0.0166017
30.2507 0.016338
30.2613 0.0156546
30.272 0.014727
30.2827 0.0144053
30.2933 0.0141335
30.304 0.0143938
30.3147 0.0147896
30.3253 0.0150344
30.336 0.0157206
30.3467 0.0158419
30.3573 0.0154119
30.368 0.014902
30.3787 0.014443
30.3893 0.0141144
30.4 0.0133637
30.4107 0.0125106
30.4213 0.0120989
30.432 0.0122042
30.4427 0.0117281
30.4533 0.0112621
30.464 0.0108591
30.4747 0.0104825
30.4853 0.0106713
30.496 0.011278
30.5067 0.0115834
30.5173 0.0119068
30.528 0.0114954
30.5387 0.0108348
30.5493 0.010592
30.56 0.0100015
30.5707 0.00953851
30.5813 0.00956005
30.592 0.00978117
30.6027 0.00993873
30.6133 0.00998224
30.624 0.00972859
30.6347 0.00958692
30.6453 0.00934691
30.656 0.00912757
30.6667 0.00928168
30.6773 0.00963991
30.688 0.0100294
30.6987 0.0102968
30.7093 0.0101902
30.72 0.00973574
30.7307 0.00935923
30.7413 0.00914395
30.752 0.00971526
30.7627 0.01046
30.7733 0.010675
30.784 0.011075
30.7947 0.0114956
30.8053 0.0114601
30.816 0.011374
30.8267 0.0113745
30.8373 0.0115223
30.848 0.0112896
30.8587 0.0107627
30.8693 0.010687
30.88 0.01061
30.8907 0.0105109
30.9013 0.010174
30.912 0.00993679
30.9227 0.00986168
30.9333 0.00960298
30.944 0.00956972
30.9547 0.00959809
30.9653 0.00933182
30.976 0.00848807
30.9867 0.007978
30.9973 0.00793292
31.008 0.00809425
31.0187 0.00805125
31.0293 0.00781772
31.04 0.00767109
31.0507 0.00764454
31.0613 0.00762281
31.072 0.00761334
31.0827 0.00772171
31.0933 0.00779156
31.104 0.00816302
31.1147 0.0085556
31.1253 0.00866272
31.136 0.00863087
31.1467 0.0085121
31.1573 0.00849132
31.168 0.008172
31.1787 0.00783114
31.1893 0.00768422
31.2 0.00777861
31.2107 0.00785515
31.2213 0.00782644
31.232 0.00736292
31.2427 0.00707399
31.2533 0.00712104
31.264 0.00721268
31.2747 0.00713071
31.2853 0.00689373
31.296 0.00669964
31.3067 0.00667925
31.3173 0.00677036
31.328 0.00660676
31.3387 0.00656342
31.3493 0.00773159
31.36 0.00896926
31.3707 0.010181
31.3813 0.0114396
31.392 0.011986
31.4027 0.0119075
31.4133 0.0118634
31.424 0.0116281
31.4347 0.0112562
31.4453 0.0110055
31.456 0.0108883
31.4667 0.0108322
31.4773 0.0111201
31.488 0.0112246
31.4987 0.0113582
31.5093 0.0114893
31.52 0.0115086
31.5307 0.0113181
31.5413 0.0109163
31.552 0.0105604
31.5627 0.0101143
31.5733 0.00891164
31.584 0.00772823
31.5947 0.006915
31.6053 0.00607694
31.616 0.00566473
31.6267 0.00581588
31.6373 0.0058464
31.648 0.00582396
31.6587 0.0060698
31.6693 0.00624005
31.68 0.0063408
31.6907 0.00641149
31.7013 0.00636734
31.712 0.00629856
31.7227 0.00625644
31.7333 0.0065908
31.744 0.00680887
31.7547 0.00682792
31.7653 0.00675824
31.776 0.00657681
31.7867 0.00640485
31.7973 0.00625626
31.808 0.0063498
31.8187 0.00612394
31.8293 0.00577893
31.84 0.0057081
31.8507 0.0058753
31.8613 0.00605274
31.872 0.00600684
31.8827 0.00567254
31.8933 0.0054684
31.904 0.00534663
31.9147 0.00518449
31.9253 0.00519043
31.936 0.00563069
31.9467 0.00582043
31.9573 0.00552304
31.968 0.00547449
31.9787 0.0055374
31.9893 0.00548594
32 0.00562947
32.0107 0.00578397
32.0213 0.00598953
32.032 0.00591728
32.0427 0.00592982
32.0533 0.00614325
32.064 0.00616064
32.0747 0.00593301
32.0853 0.00575694
32.096 0.00593987
32.1067 0.00616001
32.1173 0.00639811
32.128 0.00649997
32.1387 0.00668906
32.1493 0.00638528
32.16 0.0057185
32.1707 0.00543884
32.1813 0.00531029
32.192 0.00516147
32.2027 0.00519362
32.2133 0.00524456
32.224 0.00512273
32.2347 0.00511157
32.2453 0.00515238
32.256 0.00558075
32.2667 0.00572353
32.2773 0.00535556
32.288 0.0052059
32.2987 0.00541418
32.3093 0.00570663
32.32 0.00561357
32.3307 0.00550982
32.3413 0.00537939
32.352 0.00537306
32.3627 0.00528447
32.3733 0.0054138
32.384 0.00543047
32.3947 0.00538394
32.4053 0.00545199
32.416 0.00547898
32.4267 0.00546779
32.4373 0.00553002
32.448 0.00561497
32.4587 0.00546379
32.4693 0.00516349
32.48 0.00449961
32.4907 0.00414242
32.5013 0.00430241
32.512 0.00428693
32.5227 0.00422204
32.5333 0.00406803
32.544 0.0039387
32.5547 0.00368895
32.5653 0.00370607
32.576 0.00431267
32.5867 0.00480663
32.5973 0.00473073
32.608 0.0047581
32.6187 0.00468626
32.6293 0.00452643
32.64 0.00453901
32.6507 0.00450855
32.6613 0.00439525
32.672 0.00426745
32.6827 0.00437519
32.6933 0.00444164
32.704 0.00455259
32.7147 0.00463147
32.7253 0.00459158
32.736 0.00459193
32.7467 0.00446927
32.7573 0.00429299
32.768 0.00443998
32.7787 0.0046172
32.7893 0.00434103
32.8 0.00357121
32.8107 0.00303906
32.8213 0.00303585
32.832 0.00298739
32.8427 0.00298289
32.8533 0.00306064
32.864 0.003137
32.8747 0.00336281
32.8853 0.00408686
32.896 0.0047042
32.9067 0.00485104
32.9173 0.00482918
32.928 0.00480716
32.9387 0.00476126
32.9493 0.00480252
32.96 0.00521261
32.9707 0.00537784
32.9813 0.00534816
32.992 0.00562922
33.0027 0.0059034
33.0133 0.00604693
33.024 0.00610479
33.0347 0.00605202
33.0453 0.00606554
33.056 0.00607777
33.0667 0.00610666
33.0773 0.00603711
33.088 0.00587243
33.0987 0.00557882
33.1093 0.00499948
33.12 0.00451369
33.1307 0.00437874
33.1413 0.0043392
33.152 0.00437494
33.1627 0.00459229
33.1733 0.00451203
33.184 0.00408716
33.1947 0.00388891
33.2053 0.00398755
33.216 0.00358277
33.2267 0.00316036
33.2373 0.00313935
33.248 0.00317765
33.2587 0.00314444
33.2693 0.00315403
33.28 0.00346236
33.2907 0.00375521
33.3013 0.00383114
33.312 0.00403653
33.3227 0.00460602
33.3333 0.00496385
33.344 0.0049448
33.3547 0.00503658
33.3653 0.00510571
33.376 0.00500801
33.3867 0.0046516
33.3973 0.0044906
33.408 0.0044232
33.4187 0.00442159
33.4293 0.00441972
33.44 0.00510757
33.4507 0.00598157
33.4613 0.00637882
33.472 0.00662438
33.4827 0.00672063
33.4933 0.00702343
33.504 0.00740254
33.5147 0.0075702
33.5253 0.00759154
33.536 0.00751143
33.5467 0.00721641
33.5573 0.00711567
33.568 0.00723364
33.5787 0.00811031
33.5893 0.0100124
33.6 0.0119243
33.6107 0.0127019
33.6213 0.0128708
33.632 0.012984
33.6427 0.0128423
33.6533 0.0127441
33.664 0.0118803
33.6747 0.0110106
33.6853 0.0106819
33.696 0.010519
33.7067 0.0105231
33.7173 0.0102968
33.728 0.00981781
33.7387 0.0093448
33.7493 0.00926034
33.76 0.00923152
33.7707 0.00899416
33.7813 0.00894057
33.792 0.00907183
33.8027 0.00810955
33.8133 0.00624053
33.824 0.00456328
33.8347 0.00388743
33.8453 0.0039442
33.856 0.00393283
33.8667 0.00399273
33.8773 0.00398303
33.888 0.0041195
33.8987 0.00416652
33.9093 0.00420337
33.92 0.00412796
33.9307 0.00400443
33.9413 0.00380774
33.952 0.00354473
33.9627 0.00346657
33.9733 0.00364809
33.984 0.00390673
33.9947 0.00410475
34.0053 0.00389703
34.016 0.00369756
34.0267 0.00368092
34.0373 0.00367713
34.048 0.00357156
34.0587 0.00370983
34.0693 0.00389337
34.08 0.00415508
34.0907 0.00421325
34.1013 0.00430254
34.112 0.00436247
34.1227 0.00443875
34.1333 0.00438078
34.144 0.00432467
34.1547 0.00437295
34.1653 0.0043895
34.176 0.00466842
34.1867 0.00543602
34.1973 0.00586323
34.208 0.00582031
34.2187 0.00564492
34.2293 0.00577258
34.24 0.00588443
34.2507 0.00595958
34.2613 0.00599611
34.272 0.00606527
34.2827 0.0074367
34.2933 0.00889386
34.304 0.00985901
34.3147 0.0104304
34.3253 0.0107071
34.336 0.0108548
34.3467 0.0111396
34.3573 0.0117905
34.368 0.0124214
34.3787 0.0127471
34.3893 0.0131118
34.4 0.0139896
34.4107 0.0142973
34.4213 0.0137827
34.432 0.0133996
34.4427 0.013486
34.4533 0.0142959
34.464 0.015637
34.4747 0.0166651
34.4853 0.0181661
34.496 0.0203479
34.5067 0.0209462
34.5173 0.0206503
34.528 0.0204386
34.5387 0.0201262
34.5493 0.0201161
34.56 0.0202096
34.5707 0.0199121
34.5813 0.019743
34.592 0.0197253
34.6027 0.0198924
34.6133 0.0201283
34.624 0.0193662
34.6347 0.0185337
34.6453 0.0184996
34.656 0.0186528
34.6667 0.0184908
34.6773 0.0175716
34.688 0.0161755
34.6987 0.0151477
34.7093 0.0136374
34.72 0.0112879
34.7307 0.0096167
34.7413 0.00862264
34.752 0.00757115
34.7627 0.00756766
34.7733 0.00764823
34.784 0.00774544
34.7947 0.00818041
34.8053 0.00785057
34.816 0.00730672
34.8267 0.00705189
34.8373 0.00663813
34.848 0.00650298
34.8587 0.00676707
34.8693 0.00698793
34.88 0.00692947
34.8907 0.00686035
34.9013 0.00664506
34.912 0.00652834
34.9227 0.00642471
34.9333 0.00631743
34.944 0.00647818
34.9547 0.00626797
34.9653 0.00577089
34.976 0.00579768
34.9867 0.00558073
34.9973 0.00519528
35.008 0.00477605
35.0187 0.00430591
35.0293 0.0041836
35.04 0.00425886
35.0507 0.0040092
35.0613 0.00388897
35.072 0.00377761
35.0827 0.0033966
35.0933 0.00316814
35.104 0.00311988
35.1147 0.00327198
35.1253 0.00352267
35.136 0.00376796
35.1467 0.00398045
35.1573 0.00408474
35.168 0.00396159
35.1787 0.00370295
35.1893 0.0036931
35.2 0.00373245
35.2107 0.00374428
35.2213 0.00378901
35.232 0.00392968
35.2427 0.00400249
35.2533 0.00397142
35.264 0.00388546
35.2747 0.00440575
35.2853 0.00546244
35.296 0.00625117
35.3067 0.0065841
35.3173 0.00673424
35.328 0.00687732
35.3387 0.00689188
35.3493 0.00678006
35.36 0.00657363
35.3707 0.00642701
35.3813 0.00632587
35.392 0.0064694
35.4027 0.00658574
35.4133 0.00664006
35.424 0.00657339
35.4347 0.0064957
35.4453 0.00651272
35.456 0.00666845
35.4667 0.00672034
35.4773 0.00661166
35.488 0.00668207
35.4987 0.00620863
35.5093 0.00511517
35.52 0.00431683
35.5307 0.00413293
35.5413 0.00407381
35.552 0.00403349
35.5627 0.00417165
35.5733 0.00442882
35.584 0.00452411
35.5947 0.00466425
35.6053 0.00477041
35.616 0.00492208
35.6267 0.00506502
35.6373 0.00543137
35.648 0.00563364
35.6587 0.0055444
35.6693 0.00541234
35.68 0.0051227
35.6907 0.00494312
35.7013 0.00503006
35.712 0.00521349
35.7227 0.00538839
35.7333 0.00548976
35.744 0.00557409
35.7547 0.00647138
35.7653 0.00803058
35.776 0.00953416
35.7867 0.0105127
35.7973 0.0110264
35.808 0.011238
35.8187 0.0110895
35.8293 0.010907
35.84 0.0105842
35.8507 0.0104239
35.8613 0.0100584
35.872 0.00989742
35.8827 0.0103057
35.8933 0.0107707
35.904 0.0110112
35.9147 0.0112428
35.9253 0.0116839
35.936 0.0117804
35.9467 0.0117395
35.9573 0.0119066
35.968 0.0121373
35.9787 0.0113218
35.9893 0.0102951
36 0.00981499
36.0107 0.00937257
36.0213 0.00884591
36.032 0.00877134
36.0427 0.00883961
36.0533 0.00946265
36.064 0.0100099
36.0747 0.0101177
36.0853 0.0102693
36.096 0.0104085
36.1067 0.0102821
36.1173 0.00997721
36.128 0.00990553
36.1387 0.00979615
36.1493 0.00973007
36.16 0.00964852
36.1707 0.00962576
36.1813 0.00961247
36.192 0.00972665
36.2027 0.010453
36.2133 0.0106361
36.224 0.00971694
36.2347 0.00902985
36.2453 0.00871684
36.256 0.00858757
36.2667 0.00891237
36.2773 0.0089282
36.288 0.00872596
36.2987 0.00868021
36.3093 0.00863482
36.32 0.00847339
36.3307 0.00844268
36.3413 0.00857803
36.352 0.00877191
36.3627 0.00885917
36.3733 0.00851997
36.384 0.0083341
36.3947 0.0083246
36.4053 0.00810551
36.416 0.00761111
36.4267 0.00662273
36.4373 0.0057985
36.448 0.00562488
36.4587 0.00566153
36.4693 0.00580785
36.48 0.00613591
36.4907 0.00615813
36.5013 0.00581984
36.512 0.00575627
36.5227 0.0056755
36.5333 0.00577363
36.544 0.00580613
36.5547 0.00563944
36.5653 0.0055627
36.576 0.00544172
36.5867 0.00537021
36.5973 0.00530931
36.608 0.00518225
36.6187 0.00504593
36.6293 0.00511432
36.64 0.00517424
36.6507 0.0052833
36.6613 0.00536941
36.672 0.00533172
36.6827 0.00540521
36.6933 0.00563665
36.704 0.00541646
36.7147 0.00489651
36.7253 0.00469979
36.736 0.00451573
36.7467 0.00461769
36.7573 0.00451609
36.768 0.0044812
36.7787 0.00448551
36.7893 0.00432941
36.8 0.0041495
36.8107 0.00405998
36.8213 0.00416661
36.832 0.00442472
36.8427 0.00449153
36.8533 0.00438508
36.864 0.00435177
36.8747 0.0043184
36.8853 0.0042739
36.896 0.0046395
36.9067 0.00494438
36.9173 0.00471252
36.928 0.00445874
36.9387 0.00468119
36.9493 0.00496358
36.96 0.00531259
36.9707 0.00548293
36.9813 0.00547898
36.992 0.00581785
37.0027 0.00653854
37.0133 0.00701419
37.024 0.00725431
37.0347 0.00784275
37.0453 0.00840922
37.056 0.00867224
37.0667 0.0092056
37.0773 0.00952524
37.088 0.00946624
37.0987 0.00923003
37.1093 0.00908624
37.12 0.00870373
37.1307 0.00932552
37.1413 0.010544
37.152 0.0112715
37.1627 0.0111227
37.1733 0.0113591
37.184 0.0114903
37.1947 0.0112647
37.2053 0.0111571
37.216 0.0108653
37.2267 0.0102614
37.2373 0.00978548
37.248 0.00961772
37.2587 0.00917137
37.2693 0.00872299
37.28 0.00832989
37.2907 0.00781545
37.3013 0.00766019
37.312 0.0080401
37.3227 0.00831872
37.3333 0.00846504
37.344 0.00857601
37.3547 0.00747911
37.3653 0.00614789
37.376 0.00566037
37.3867 0.00584986
37.3973 0.00539328
37.408 0.00502324
37.4187 0.00503768
37.4293 0.00497909
37.44 0.00494923
37.4507 0.00481457
37.4613 0.00472571
37.472 0.00467171
37.4827 0.00455258
37.4933 0.00426489
37.504 0.00406118
37.5147 0.00402478
37.5253 0.0038931
37.536 0.00366433
37.5467 0.00364643
37.5573 0.00356839
37.568 0.00353356
37.5787 0.00377239
37.5893 0.00410095
37.6 0.00401526
37.6107 0.0039719
37.6213 0.00403948
37.632 0.00384235
37.6427 0.00382627
37.6533 0.00396397
37.664 0.00393942
37.6747 0.00386731
37.6853 0.0038719
37.696 0.00388954
37.7067 0.00406887
37.7173 0.00440935
37.728 0.00499164
37.7387 0.00553703
37.7493 0.00581747
37.76 0.00587281
37.7707 0.0058686
37.7813 0.00617109
37.792 0.00648615
37.8027 0.00656362
37.8133 0.0065572
37.824 0.00661104
37.8347 0.00651759
37.8453 0.0064212
37.856 0.00660906
37.8667 0.00687008
37.8773 0.00719559
37.888 0.00747003
37.8987 0.00759244
37.9093 0.00804452
37.92 0.0097096
37.9307 0.0113306
37.9413 0.0120398
37.952 0.0123356
37.9627 0.0128468
37.9733 0.0132133
37.984 0.013248
37.9947 0.0132012
38.0053 0.0132292
38.016 0.0132178
38.0267 0.0132154
38.0373 0.013019
38.048 0.0130563
38.0587 0.0136741
38.0693 0.0142247
38.08 0.0142059
38.0907 0.0141003
38.1013 0.0145107
38.112 0.0151204
38.1227 0.0154703
38.1333 0.015593
38.144 0.0144597
38.1547 0.0129764
38.1653 0.0121902
38.176 0.0115027
38.1867 0.0105671
38.1973 0.0100815
38.208 0.0100369
38.2187 0.0106311
38.2293 0.0110823
38.24 0.0114615
38.2507 0.0122336
38.2613 0.0131263
38.272 0.0134451
38.2827 0.0129321
38.2933 0.0126555
38.304 0.0128007
38.3147 0.0129387
38.3253 0.012717
38.336 0.0125937
38.3467 0.0125472
38.3573 0.0121675
38.368 0.0117146
38.3787 0.0115087
38.3893 0.0118316
38.4 0.012513
38.4107 0.0131318
38.4213 0.013762
38.432 0.013931
38.4427 0.0132433
38.4533 0.0127266
38.464 0.0126961
38.4747 0.0120733
38.4853 0.0112775
38.496 0.0107547
38.5067 0.0106187
38.5173 0.0106001
38.528 0.0109467
38.5387 0.0110926
38.5493 0.0107096
38.56 0.010152
38.5707 0.0101635
38.5813 0.0104005
38.592 0.0104975
38.6027 0.0108815
38.6133 0.0110043
38.624 0.0109826
38.6347 0.0108352
38.6453 0.010436
38.656 0.0106614
38.6667 0.011121
38.6773 0.0118342
38.688 0.0124842
38.6987 0.0128704
38.7093 0.0128942
38.72 0.013157
38.7307 0.0138704
38.7413 0.0144167
38.752 0.0141822
38.7627 0.0139491
38.7733 0.0141253
38.784 0.0143591
38.7947 0.014363
38.8053 0.0143386
38.816 0.0143256
38.8267 0.0140203
38.8373 0.0137687
38.848 0.0133861
38.8587 0.0130408
38.8693 0.0129628
38.88 0.0129765
38.8907 0.0131053
38.9013 0.0125055
38.912 0.0113785
38.9227 0.01116
38.9333 0.0117945
38.944 0.012312
38.9547 0.0125204
38.9653 0.0124645
38.976 0.0123867
38.9867 0.0125937
38.9973 0.0126312
39.008 0.0122625
39.0187 0.0120945
39.0293 0.0123633
39.04 0.0130007
39.0507 0.0136087
39.0613 0.0136591
39.072 0.0148767
39.0827 0.0165533
39.0933 0.017672
39.104 0.0178607
39.1147 0.0178888
39.1253 0.0177699
39.136 0.0182808
39.1467 0.0189667
39.1573 0.0193413
39.168 0.0194167
39.1787 0.0188149
39.1893 0.0181443
39.2 0.0183741
39.2107 0.0187625
39.2213 0.0188568
39.232 0.018923
39.2427 0.0188259
39.2533 0.0182761
39.264 0.0174876
39.2747 0.0167041
39.2853 0.0162479
39.296 0.0148182
39.3067 0.0129384
39.3173 0.0115063
39.328 0.0108005
39.3387 0.0103909
39.3493 0.0105505
39.36 0.0105658
39.3707 0.00970893
39.3813 0.00913913
39.392 0.00899908
39.4027 0.00915621
39.4133 0.00926892
39.424 0.00878421
39.4347 0.00791684
39.4453 0.00753829
39.456 0.00759542
39.4667 0.00785685
39.4773 0.00826883
39.488 0.00891285
39.4987 0.00936517
39.5093 0.00995554
39.52 0.01019
39.5307 0.0103941
39.5413 0.0104768
39.552 0.0107342
39.5627 0.0108876
39.5733 0.0107192
39.584 0.0103351
39.5947 0.0104941
39.6053 0.0106106
39.616 0.0107131
39.6267 0.011321
39.6373 0.0123274
39.648 0.0133814
39.6587 0.0142081
39.6693 0.0150591
39.68 0.0163113
39.6907 0.0170707
39.7013 0.0170349
39.712 0.0166444
39.7227 0.0169097
39.7333 0.0170229
39.744 0.0168307
39.7547 0.0168765
39.7653 0.0171485
39.776 0.0171839
39.7867 0.0178232
39.7973 0.018802
39.808 0.0191006
39.8187 0.0192208
39.8293 0.0190468
39.84 0.0187025
39.8507 0.0187745
39.8613 0.0192627
39.872 0.0198168
39.8827 0.0202313
39.8933 0.020507
39.904 0.0199907
39.9147 0.0200233
39.9253 0.0206565
39.936 0.0208142
39.9467 0.0204556
39.9573 0.020419
39.968 0.020916
39.9787 0.0211136
39.9893 0.0214537
40 0.0220332
40.0107 0.0219234
40.0213 0.0214566
40.032 0.0218362
40.0427 0.0223306
40.0533 0.0235937
40.064 0.0251122
40.0747 0.0253502
40.0853 0.0242801
40.096 0.0230303
40.1067 0.0221867
40.1173 0.0215159
40.128 0.0222745
40.1387 0.0230894
40.1493 0.023424
40.16 0.0237891
40.1707 0.0239347
40.1813 0.0236223
40.192 0.0234226
40.2027 0.0234825
40.2133 0.0238423
40.224 0.0238551
40.2347 0.0235561
40.2453 0.0238876
40.256 0.0237649
40.2667 0.0229609
40.2773 0.0215498
40.288 0.0199094
40.2987 0.0187991
40.3093 0.018462
40.32 0.0182848
40.3307 0.0180865
40.3413 0.0182126
40.352 0.0177856
40.3627 0.0171259
40.3733 0.0162287
40.384 0.0159412
40.3947 0.0164727
40.4053 0.0170787
40.416 0.0174483
40.4267 0.0184239
40.4373 0.0187383
40.448 0.0186292
40.4587 0.0187331
40.4693 0.0179032
40.48 0.0178157
40.4907 0.0186995
40.5013 0.0201792
40.512 0.0220142
40.5227 0.023449
40.5333 0.0251143
40.544 0.0264519
40.5547 0.0267769
40.5653 0.0279978
40.576 0.0291536
40.5867 0.0298917
40.5973 0.0304133
40.608 0.0303772
40.6187 0.0300059
40.6293 0.0296715
40.64 0.0292134
40.6507 0.0283087
40.6613 0.0276916
40.672 0.0278394
40.6827 0.0278255
40.6933 0.0279542
40.704 0.0274069
40.7147 0.0262394
40.7253 0.024642
40.736 0.022919
40.7467 0.0216365
40.7573 0.0201111
40.768 0.0192815
40.7787 0.0196483
40.7893 0.0182265
40.8 0.0167238
40.8107 0.0157566
40.8213 0.0156676
40.832 0.0159449
40.8427 0.0159579
40.8533 0.0158246
40.864 0.0157248
40.8747 0.0159239
40.8853 0.0160564
40.896 0.0154575
40.9067 0.0152599
40.9173 0.0155133
40.928 0.01576
40.9387 0.0162211
40.9493 0.016301
40.96 0.0163151
40.9707 0.0164349
40.9813 0.0167371
40.992 0.0165052
41.0027 0.0158654
41.0133 0.0160368
41.024 0.0163192
41.0347 0.0162768
41.0453 0.0159737
41.056 0.015811
41.0667 0.0156388
41.0773 0.01548
41.088 0.0162462
41.0987 0.0166662
41.1093 0.0164468
41.12 0.0165752
41.1307 0.016531
41.1413 0.0168246
41.152 0.0174437
41.1627 0.0179284
41.1733 0.0186225
41.184 0.0196962
41.1947 0.0204367
41.2053 0.0203479
41.216 0.0202925
41.2267 0.0201545
41.2373 0.0197753
41.248 0.0190605
41.2587 0.0185573
41.2693 0.0182269
41.28 0.0185798
41.2907 0.0196141
41.3013 0.0206293
41.312 0.0202037
41.3227 0.0199132
41.3333 0.0200645
41.344 0.0207022
41.3547 0.0214529
41.3653 0.0210924
41.376 0.0203494
41.3867 0.0195884
41.3973 0.0187877
41.408 0.0178539
41.4187 0.0176409
41.4293 0.0179791
41.44 0.0182213
41.4507 0.0187388
41.4613 0.0189015
41.472 0.0192877
41.4827 0.0195532
41.4933 0.0196083
41.504 0.019131
41.5147 0.0179708
41.5253 0.0171585
41.536 0.0176159
41.5467 0.0177367
41.5573 0.0178297
41.568 0.017088
41.5787 0.0163924
41.5893 0.0164733
41.6 0.0166265
41.6107 0.0164441
41.6213 0.0161858
41.632 0.0157094
41.6427 0.0147922
41.6533 0.0143347
41.664 0.0148873
41.6747 0.0153882
41.6853 0.0153033
41.696 0.0151931
41.7067 0.0152954
41.7173 0.0155255
41.728 0.0152845
41.7387 0.0150725
41.7493 0.0149157
41.76 0.0142698
41.7707 0.0135532
41.7813 0.0131881
41.792 0.0130842
41.8027 0.0129353
41.8133 0.0125659
41.824 0.0124305
41.8347 0.0130915
41.8453 0.0145953
41.856 0.015896
41.8667 0.0171591
41.8773 0.0179974
41.888 0.0173369
41.8987 0.016788
41.9093 0.0169848
41.92 0.0169334
41.9307 0.0167793
41.9413 0.0169981
41.952 0.0172591
41.9627 0.0172873
41.9733 0.0173077
41.984 0.0173856
41.9947 0.0179331
42.0053 0.0182386
42.016 0.0185775
42.0267 0.0190834
42.0373 0.0194871
42.048 0.0196416
42.0587 0.0191904
42.0693 0.0178827
42.08 0.0172776
42.0907 0.0168981
42.1013 0.0162153
42.112 0.0163072
42.1227 0.0161289
42.1333 0.0157776
42.144 0.0155125
42.1547 0.015131
42.1653 0.0148696
42.176 0.0151719
42.1867 0.015891
42.1973 0.016624
42.208 0.0169056
42.2187 0.0165703
42.2293 0.0164981
42.24 0.0167576
42.2507 0.0169379
42.2613 0.0172059
42.272 0.0175394
42.2827 0.0177509
42.2933 0.0177119
42.304 0.0173894
42.3147 0.0168896
42.3253 0.0166415
42.336 0.0164737
42.3467 0.0165214
42.3573 0.0167458
42.368 0.0167461
42.3787 0.0167426
42.3893 0.0166737
42.4 0.0166987
42.4107 0.0170001
42.4213 0.0169036
42.432 0.0168792
42.4427 0.0170351
42.4533 0.0168609
42.464 0.0167293
42.4747 0.016779
42.4853 0.0169474
42.496 0.0172549
42.5067 0.0181269
42.5173 0.0195183
42.528 0.0199002
42.5387 0.0199585
42.5493 0.0211985
42.56 0.0224213
42.5707 0.0228516
42.5813 0.0232512
42.592 0.0244472
42.6027 0.0262168
42.6133 0.0274295
42.624 0.0281183
42.6347 0.0285254
42.6453 0.0286705
42.656 0.0283203
42.6667 0.0282751
42.6773 0.0289599
42.688 0.0299958
42.6987 0.0304746
42.7093 0.0307
42.72 0.0308048
42.7307 0.030379
42.7413 0.0296746
42.752 0.0297838
42.7627 0.0299902
42.7733 0.0290343
42.784 0.0279338
42.7947 0.0274344
42.8053 0.0267647
42.816 0.0253732
42.8267 0.0240361
42.8373 0.0234253
42.848 0.0227782
42.8587 0.0219571
42.8693 0.0213439
42.88 0.0214582
42.8907 0.0212013
42.9013 0.0201206
42.912 0.0185705
42.9227 0.0173868
42.9333 0.0165877
42.944 0.0158413
42.9547 0.0153081
42.9653 0.0149185
42.976 0.014583
42.9867 0.0143888
42.9973 0.0143359
43.008 0.0144418
43.0187 0.0144834
43.0293 0.014387
43.04 0.0142193
43.0507 0.0137223
43.0613 0.0135149
43.072 0.0138679
43.0827 0.0141233
43.0933 0.0146719
43.104 0.0151009
43.1147 0.0156139
43.1253 0.0159632
43.136 0.016024
43.1467 0.0159698
43.1573 0.0159407
43.168 0.0157107
43.1787 0.0155994
43.1893 0.0156598
43.2 0.0157735
43.2107 0.0159651
43.2213 0.0155329
43.232 0.0148195
43.2427 0.0145579
43.2533 0.0149152
43.264 0.0155922
43.2747 0.0159047
43.2853 0.0153674
43.296 0.0148105
43.3067 0.0145717
43.3173 0.0142287
43.328 0.0136146
43.3387 0.0127187
43.3493 0.01224
43.36 0.0119696
43.3707 0.0118599
43.3813 0.0116481
43.392 0.0116979
43.4027 0.0120292
43.4133 0.0119585
43.424 0.0114209
43.4347 0.0111044
43.4453 0.0112266
43.456 0.011342
43.4667 0.0113486
43.4773 0.0111556
43.488 0.0106425
43.4987 0.0102084
43.5093 0.0101783
43.52 0.00973302
43.5307 0.00922694
43.5413 0.00875618
43.552 0.00850136
43.5627 0.00851707
43.5733 0.00846349
43.584 0.0086608
43.5947 0.00859929
43.6053 0.00832317
43.616 0.00796512
43.6267 0.00736268
43.6373 0.00694169
43.648 0.0066721
43.6587 0.00650488
43.6693 0.00655635
43.68 0.00690038
43.6907 0.00779715
43.7013 0.00851021
43.712 0.00878932
43.7227 0.00872843
43.7333 0.0087656
43.744 0.0087837
43.7547 0.00859973
43.7653 0.00845756
43.776 0.00836691
43.7867 0.00826601
43.7973 0.00822438
43.808 0.00803042
43.8187 0.00806766
43.8293 0.00853956
43.84 0.00947403
43.8507 0.0103187
43.8613 0.0107107
43.872 0.0111406
43.8827 0.0113187
43.8933 0.0112131
43.904 0.0106832
43.9147 0.00958145
43.9253 0.00856276
43.936 0.00812521
43.9467 0.00881731
43.9573 0.00996615
43.968 0.0109653
43.9787 0.0108964
43.9893 0.0108549
44 0.0110484
44.0107 0.0113808
44.0213 0.0117548
44.032 0.0121347
44.0427 0.0122008
44.0533 0.0118936
44.064 0.0114714
44.0747 0.0111475
44.0853 0.0110776
44.096 0.0106333
44.1067 0.0101879
44.1173 0.0101173
44.128 0.0105349
44.1387 0.010826
44.1493 0.0112827
44.16 0.0119361
44.1707 0.0116868
44.1813 0.0104891
44.192 0.00931853
44.2027 0.00961288
44.2133 0.0100145
44.224 0.0105
44.2347 0.0110808
44.2453 0.0111386
44.256 0.011233
44.2667 0.0118063
44.2773 0.0121226
44.288 0.011714
44.2987 0.0110441
44.3093 0.0105794
44.32 0.0105851
44.3307 0.0105222
44.3413 0.0103129
44.352 0.010034
44.3627 0.0105063
44.3733 0.0114985
44.384 0.0119581
44.3947 0.0116892
44.4053 0.0114917
44.416 0.0118353
44.4267 0.0123324
44.4373 0.0124244
44.448 0.0118269
44.4587 0.0116461
44.4693 0.0118903
44.48 0.0115981
44.4907 0.0108672
44.5013 0.0104067
44.512 0.0103648
44.5227 0.0105894
44.5333 0.0108099
44.544 0.0110154
44.5547 0.0112815
44.5653 0.0117847
44.576 0.0119225
44.5867 0.0120117
44.5973 0.012244
44.608 0.0127861
44.6187 0.0133786
44.6293 0.0133245
44.64 0.0128656
44.6507 0.0137225
44.6613 0.0153422
44.672 0.0170262
44.6827 0.017291
44.6933 0.0180519
44.704 0.018955
44.7147 0.0191211
44.7253 0.0191079
44.736 0.0190095
44.7467 0.0187419
44.7573 0.0184305
44.768 0.0182008
44.7787 0.017862
44.7893 0.018425
44.8 0.0198425
44.8107 0.0203846
44.8213 0.0193268
44.832 0.0177808
44.8427 0.0169697
44.8533 0.0169982
44.864 0.0170611
44.8747 0.0153109
44.8853 0.013071
44.896 0.0113268
44.9067 0.0103438
44.9173 0.00894153
44.928 0.00793579
44.9387 0.00780801
44.9493 0.00785326
44.96 0.00814865
44.9707 0.00848161
44.9813 0.00859498
44.992 0.00858529
45.0027 0.00853874
45.0133 0.00840233
45.024 0.00828493
45.0347 0.008166
45.0453 0.00762288
45.056 0.00773489
45.0667 0.0082207
45.0773 0.00838218
45.088 0.00837983
45.0987 0.00855848
45.1093 0.00945881
45.12 0.0104021
45.1307 0.0109559
45.1413 0.011487
45.152 0.0114926
45.1627 0.0115485
45.1733 0.0115879
45.184 0.0113581
45.1947 0.011321
45.2053 0.0119161
45.216 0.0122876
45.2267 0.0123875
45.2373 0.0118493
45.248 0.0107619
45.2587 0.0095886
45.2693 0.00957075
45.28 0.0092355
45.2907 0.00870571
45.3013 0.00847107
45.312 0.00857405
45.3227 0.00864825
45.3333 0.00794391
45.344 0.0072851
45.3547 0.00703573
45.3653 0.00652441
45.376 0.00646276
45.3867 0.00652698
45.3973 0.00661934
45.408 0.00683342
45.4187 0.0066554
45.4293 0.00606141
45.44 0.00557871
45.4507 0.00544768
45.4613 0.00500826
45.472 0.00472818
45.4827 0.0048563
45.4933 0.00487289
45.504 0.00507811
45.5147 0.00544718
45.5253 0.00570463
45.536 0.00574556
45.5467 0.00568472
45.5573 0.00568603
45.568 0.00538517
45.5787 0.00509011
45.5893 0.00500736
45.6 0.00484512
45.6107 0.00461882
45.6213 0.00479011
45.632 0.00524557
45.6427 0.00601606
45.6533 0.00624327
45.664 0.00634945
45.6747 0.0064105
45.6853 0.00645961
45.696 0.00662783
45.7067 0.00668087
45.7173 0.00664503
45.728 0.00644926
45.7387 0.00604388
45.7493 0.00586267
45.76 0.0057067
45.7707 0.00549397
45.7813 0.0054665
45.792 0.00552836
45.8027 0.00552519
45.8133 0.00556945
45.824 0.00570011
45.8347 0.00561353
45.8453 0.0051877
45.856 0.0044766
45.8667 0.00371467
45.8773 0.00367158
45.888 0.0037811
45.8987 0.00377359
45.9093 0.00369995
45.92 0.00341784
45.9307 0.00321535
45.9413 0.00318108
45.952 0.00307204
45.9627 0.00295424
45.9733 0.00287213
45.984 0.00290769
45.9947 0.00296414
46.0053 0.00280572
46.016 0.00253179
46.0267 0.00240422
46.0373 0.00239912
46.048 0.00233783
46.0587 0.00234675
46.0693 0.00233829
46.08 0.00225174
46.0907 0.00212786
46.1013 0.0019408
46.112 0.00175602
46.1227 0.00170057
46.1333 0.00165722
46.144 0.00149989
46.1547 0.00142906
46.1653 0.00148581
46.176 0.00147537
46.1867 0.00160105
46.1973 0.00179147
46.208 0.00198443
46.2187 0.0019876
46.2293 0.00192953
46.24 0.00210424
46.2507 0.00213386
46.2613 0.00195588
46.272 0.00189015
46.2827 0.00189686
46.2933 0.00187838
46.304 0.00202159
46.3147 0.00213149
46.3253 0.00218051
46.336 0.00228952
46.3467 0.0023565
46.3573 0.00233237
46.368 0.00232942
46.3787 0.00224561
46.3893 0.00201965
46.4 0.00212192
46.4107 0.00214363
46.4213 0.00196088
46.432 0.00168921
46.4427 0.00159746
46.4533 0.00179242
46.464 0.0019979
46.4747 0.00214781
46.4853 0.0023176
46.496 0.00241545
46.5067 0.00254287
46.5173 0.00277027
46.528 0.00276762
46.5387 0.00267977
46.5493 0.00264133
46.56 0.00262304
46.5707 0.00259079
46.5813 0.00262851
46.592 0.0026772
46.6027 0.00271443
46.6133 0.00289636
46.624 0.00297709
46.6347 0.00299867
46.6453 0.00298773
46.656 0.0030902
46.6667 0.00325025
46.6773 0.00316499
46.688 0.00285254
46.6987 0.00274356
46.7093 0.00278891
46.72 0.00277287
46.7307 0.00260782
46.7413 0.00243362
46.752 0.00237278
46.7627 0.00238743
46.7733 0.00231434
46.784 0.00217789
46.7947 0.00217009
46.8053 0.00220211
46.816 0.00220558
46.8267 0.00224755
46.8373 0.0022256
46.848 0.00197188
46.8587 0.00184112
46.8693 0.00180831
46.88 0.0016527
46.8907 0.00145419
46.9013 0.00133701
46.912 0.00140798
46.9227 0.00144368
46.9333 0.00135519
46.944 0.00133812
46.9547 0.0013855
46.9653 0.00124888
46.976 0.00114359
46.9867 0.00113545
46.9973 0.00125518
47.008 0.00136409
47.0187 0.00128828
47.0293 0.00119088
47.04 0.00121283
47.0507 0.00118468
47.0613 0.00114841
47.072 0.00130925
47.0827 0.00141093
47.0933 0.00142318
47.104 0.00141272
47.1147 0.00134084
47.1253 0.00126793
47.136 0.00123408
47.1467 0.00118578
47.1573 0.00123129
47.168 0.00139533
47.1787 0.0014465
47.1893 0.00147422
47.2 0.00139754
47.2107 0.00137319
47.2213 0.00129642
47.232 0.00131212
47.2427 0.00142161
47.2533 0.00156534
47.264 0.00157653
47.2747 0.00166791
47.2853 0.00170789
47.296 0.00169471
47.3067 0.00157267
47.3173 0.00146945
47.328 0.00138649
47.3387 0.00139674
47.3493 0.00144176
47.36 0.0013246
47.3707 0.00127895
47.3813 0.00130816
47.392 0.00117119
47.4027 0.00113086
47.4133 0.00126943
47.424 0.00139066
47.4347 0.00134956
47.4453 0.00131367
47.456 0.00132843
47.4667 0.00131317
47.4773 0.00120804
47.488 0.0010852
47.4987 0.000938423
47.5093 0.000889121
47.52 0.00079214
47.5307 0.000846113
47.5413 0.000935716
47.552 0.00105697
47.5627 0.00111016
47.5733 0.000900291
47.584 0.000883742
47.5947 0.00085856
47.6053 0.000781057
47.616 0.000774304
47.6267 0.000731913
47.6373 0.000625948
47.648 0.000564541
47.6587 0.000667061
47.6693 0.000790011
47.68 0.000798969
47.6907 0.000849166
47.7013 0.000992471
47.712 0.00103723
47.7227 0.00104217
47.7333 0.00104989
47.744 0.00110479
47.7547 0.00115054
47.7653 0.00101166
47.776 0.000815309
47.7867 0.000762422
47.7973 0.000939938
47.808 0.000867017
47.8187 0.000782141
47.8293 0.000716953
47.84 0.000698038
47.8507 0.000728639
47.8613 0.000793097
47.872 0.000809699
47.8827 0.000719762
47.8933 0.000532766
47.904 0.000410103
47.9147 0.000410802
47.9253 0.000320031
47.936 0.000371895
47.9467 0.000382394
47.9573 0.00034528
47.968 0.000296714
47.9787 0.000322583
47.9893 0.000454805
48 0.000676518
48.0107 0.000804955
48.0213 0.000827738
48.032 0.000946495
48.0427 0.00111989
48.0533 0.00113075
48.064 0.00103798
48.0747 0.000904032
48.0853 0.000894912
48.096 0.00103234
48.1067 0.00110039
48.1173 0.00112867
48.128 0.00108703
48.1387 0.000907044
48.1493 0.000890421
48.16 0.000886938
48.1707 0.000966408
48.1813 0.00116385
48.192 0.0013231
48.2027 0.00126127
48.2133 0.00126532
48.224 0.0011958
48.2347 0.0012158
48.2453 0.0012897
48.256 0.00137499
48.2667 0.00143759
48.2773 0.00157878
48.288 0.00170602
48.2987 0.00182581
48.3093 0.00177873
48.32 0.00166753
48.3307 0.00162211
48.3413 0.00173544
48.352 0.00191661
48.3627 0.00206211
48.3733 0.00201033
48.384 0.00195041
48.3947 0.00185973
48.4053 0.00163881
48.416 0.00153686
48.4267 0.00152655
48.4373 0.001521
48.448 0.00150066
48.4587 0.00146812
48.4693 0.00143916
48.48 0.00145497
48.4907 0.00130092
48.5013 0.00117796
48.512 0.00116249
48.5227 0.00115899
48.5333 0.00116559
48.544 0.00116956
48.5547 0.00106104
48.5653 0.000923745
48.576 0.000702753
48.5867 0.000644195
48.5973 0.00075968
48.608 0.000743926
48.6187 0.000745523
48.6293 0.00079818
48.64 0.000774749
48.6507 0.000846106
48.6613 0.000903238
48.672 0.000990844
48.6827 0.00102859
48.6933 0.00110754
48.704 0.00111841
48.7147 0.00125178
48.7253 0.00119056
48.736 0.00104352
48.7467 0.00104182
48.7573 0.000958152
48.768 0.000873042
48.7787 0.000991562
48.7893 0.00110469
48.8 0.00112782
48.8107 0.00110167
48.8213 0.000993178
48.832 0.00108067
48.8427 0.00113295
48.8533 0.00111018
48.864 0.00110172
48.8747 0.000974968
48.8853 0.000874566
48.896 0.000699888
48.9067 0.000607187
48.9173 0.000503945
48.928 0.000424977
48.9387 0.000402988
48.9493 0.000480631
48.96 0.000613691
48.9707 0.000663097
48.9813 0.00071561
48.992 0.000799373
49.0027 0.000945042
49.0133 0.00101388
49.024 0.00106978
49.0347 0.00103691
49.0453 0.00105614
49.056 0.00104806
49.0667 0.00099107
49.0773 0.0010283
49.088 0.00110008
49.0987 0.00123323
49.1093 0.00132467
49.12 0.00147002
49.1307 0.00145372
49.1413 0.00141507
49.152 0.00152485
49.1627 0.0015418
49.1733 0.00154117
49.184 0.00154529
49.1947 0.00158241
49.2053 0.0014794
49.216 0.00145396
49.2267 0.00138251
49.2373 0.00130554
49.248 0.00143444
49.2587 0.00148366
49.2693 0.00151205
49.28 0.00148376
49.2907 0.00148391
49.3013 0.00146939
49.312 0.00143256
49.3227 0.00131584
49.3333 0.00118205
49.344 0.00113253
49.3547 0.0011309
49.3653 0.00112194
49.376 0.00106536
49.3867 0.000998415
49.3973 0.000961181
49.408 0.000845654
49.4187 0.000692044
49.4293 0.00084942
49.44 0.000964777
49.4507 0.000955395
49.4613 0.000902255
49.472 0.000811792
49.4827 0.000772956
49.4933 0.000709968
49.504 0.000695565
49.5147 0.00071666
49.5253 0.000721101
49.536 0.000674883
49.5467 0.000686846
49.5573 0.000736786
49.568 0.000714813
49.5787 0.000749684
49.5893 0.000843006
49.6 0.000949825
49.6107 0.00102235
49.6213 0.00103549
49.632 0.00106151
49.6427 0.00113551
49.6533 0.00110179
49.664 0.00100601
49.6747 0.00100025
49.6853 0.00109988
49.696 0.00114305
49.7067 0.00128898
49.7173 0.0013247
49.728 0.00133256
49.7387 0.00137046
49.7493 0.00125444
49.76 0.00125293
49.7707 0.00132046
49.7813 0.00141054
49.792 0.00147369
49.8027 0.00148043
49.8133 0.0013967
49.824 0.00123558
49.8347 0.00115304
49.8453 0.00121657
49.856 0.0013248
49.8667 0.00137286
49.8773 0.00137887
49.888 0.00144034
49.8987 0.00141977
49.9093 0.00131685
49.92 0.00129569
49.9307 0.00128962
49.9413 0.00138569
49.952 0.00138744
49.9627 0.00130269
49.9733 0.00132691
49.984 0.00125454
49.9947 0.00114642
