2021 5 13 2 0 0 1
2021 5 14 8 0 0 1
2021 5 14 8 0 1 0
2021 5 14 20 0 0 0
2021 5 14 20 0 1 1
2021 5 15 8 0 0 1
2021 5 15 8 0 1 0
2021 5 15 20 0 0 0
2021 5 15 20 0 1 1
2021 5 16 8 0 0 1
2021 5 16 8 0 1 0
2021 5 16 20 0 0 0
2021 5 16 20 0 1 1
2021 5 17 8 0 0 1
2021 5 17 8 0 1 0
2021 5 17 20 0 0 0
2021 5 17 20 0 1 1
2021 5 18 8 0 0 1
2021 5 18 8 0 1 0
2021 5 18 20 0 0 0
2021 5 18 20 0 1 1
2021 5 19 8 0 0 1
2021 5 19 8 0 1 0
2021 5 19 20 0 0 0
2021 5 19 20 0 1 1
2021 5 20 8 0 0 1
2021 5 20 8 0 1 0
2021 5 20 20 0 0 0
2021 5 20 20 0 1 1
2021 5 21 8 0 0 1
2021 5 21 8 0 1 0
2021 5 21 20 0 0 0
2021 5 21 20 0 1 1
2021 5 22 8 0 0 1
2021 5 22 8 0 1 0
2021 5 22 20 0 0 0
2021 5 22 20 0 1 1
2021 5 23 8 0 0 1
2021 5 23 8 0 1 0
2021 5 23 20 0 0 0
2021 5 23 20 0 1 1
2021 5 24 8 0 0 1
2021 5 24 8 0 1 0
2021 5 24 20 0 0 0
2021 5 24 20 0 1 1
2021 5 25 8 0 0 1
2021 5 25 8 0 1 0
2021 5 25 20 0 0 0
2021 5 25 20 0 1 1
2021 5 26 8 0 0 1
2021 5 26 8 0 1 0
2021 5 26 20 0 0 0
2021 5 26 20 0 1 1
2021 5 27 8 0 0 1
2021 5 27 8 0 1 0
2021 5 27 20 0 0 0
2021 5 27 20 0 1 1
2021 5 28 8 0 0 1
2021 5 28 8 0 1 0
2021 5 28 20 0 0 0
2021 5 28 20 0 1 1
2021 5 29 8 0 0 1
2021 5 29 8 0 1 0
2021 5 29 20 0 0 0
2021 5 29 20 0 1 1
2021 5 30 8 0 0 1
2021 5 30 8 0 1 0
2021 5 30 20 0 0 0
2021 5 30 20 0 1 1
2021 5 31 8 0 0 1
2021 5 31 8 0 1 0
2021 5 31 20 0 0 0
2021 5 31 20 0 1 1
2021 6 1 8 0 0 1
2021 6 1 8 0 1 0
2021 6 1 20 0 0 0
2021 6 1 20 0 1 1
2021 6 2 8 0 0 1
2021 6 2 8 0 1 0
2021 6 2 20 0 0 0
2021 6 2 20 0 1 1
2021 6 3 8 0 0 1
2021 6 3 8 0 1 0
2021 6 3 20 0 0 0
2021 6 3 20 0 1 1
2021 6 4 8 0 0 1
2021 6 4 8 0 1 0
2021 6 4 20 0 0 0
2021 6 4 20 0 1 1
2021 6 5 8 0 0 1
2021 6 5 8 0 1 0
2021 6 5 20 0 0 0
2021 6 5 20 0 1 1
2021 6 6 8 0 0 1
2021 6 6 8 0 1 0
2021 6 6 20 0 0 0
2021 6 6 20 0 1 1
2021 6 7 8 0 0 1
2021 6 7 8 0 1 0
2021 6 7 20 0 0 0
2021 6 7 20 0 1 1
2021 6 8 8 0 0 1
2021 6 8 8 0 1 0
2021 6 8 20 0 0 0
2021 6 8 20 0 1 1
2021 6 9 8 0 0 1
2021 6 9 8 0 1 0
2021 6 9 20 0 0 0
2021 6 9 20 0 1 1
2021 6 10 8 0 0 1
2021 6 10 8 0 1 0
2021 6 10 20 0 0 0
2021 6 10 20 0 1 1
2021 6 11 8 0 0 1
2021 6 11 8 0 1 0
2021 6 11 20 0 0 0
2021 6 11 20 0 1 1
2021 6 12 8 0 0 1
2021 6 12 8 0 1 0
2021 6 12 20 0 0 0
2021 6 12 20 0 1 1
2021 6 13 8 0 0 1
2021 6 13 8 0 1 0
2021 6 13 20 0 0 0
2021 6 13 20 0 1 1
2021 6 14 8 0 0 1
2021 6 14 8 0 1 0
2021 6 14 20 0 0 0
2021 6 14 20 0 1 1
2021 6 15 8 0 0 1
2021 6 15 8 0 1 0
2021 6 15 20 0 0 0
2021 6 15 20 0 1 1
2021 6 16 8 0 0 1
2021 6 16 8 0 1 0
2021 6 16 20 0 0 0
2021 6 16 20 0 1 1
2021 6 17 8 0 0 1
2021 6 17 8 0 1 0
2021 6 17 20 0 0 0
2021 6 17 20 0 1 1
2021 6 18 8 0 0 1
2021 6 18 8 0 1 0
2021 6 18 20 0 0 0
2021 6 18 20 0 1 1
2021 6 19 8 0 0 1
2021 6 19 8 0 1 0
2021 6 19 20 0 0 0
2021 6 19 20 0 1 1
2021 6 20 8 0 0 1
2021 6 20 8 0 1 0
2021 6 20 20 0 0 0
2021 6 20 20 0 1 1
2021 6 21 8 0 0 1
2021 6 21 8 0 1 0
2021 6 21 20 0 0 0
2021 6 21 20 0 1 1
2021 6 22 8 0 0 1
2021 6 22 8 0 1 0
2021 6 22 20 0 0 0
2021 6 22 20 0 1 1
2021 6 23 8 0 0 1
2021 6 23 8 0 1 0
2021 6 23 20 0 0 0
2021 6 23 20 0 1 1
2021 6 24 8 0 0 1
2021 6 24 8 0 1 0
2021 6 24 20 0 0 0
2021 6 24 20 0 1 1
2021 6 25 8 0 0 1
2021 6 25 8 0 1 0
2021 6 25 20 0 0 0
2021 6 25 20 0 1 1
2021 6 26 8 0 0 1
2021 6 26 8 0 1 0
2021 6 26 20 0 0 0
2021 6 26 20 0 1 1
2021 6 27 8 0 0 1
2021 6 27 8 0 1 0
2021 6 27 20 0 0 0
2021 6 27 20 0 1 1
2021 6 28 8 0 0 1
2021 6 28 8 0 1 0
2021 6 28 20 0 0 0
2021 6 28 20 0 1 1
2021 6 29 8 0 0 1
2021 6 29 8 0 1 0
2021 6 29 20 0 0 0
2021 6 29 20 0 1 1
2021 6 30 8 0 0 1
2021 6 30 8 0 1 0
2021 6 30 20 0 0 0
2021 6 30 20 0 1 1
2021 7 1 8 0 0 1
2021 7 1 8 0 1 0
2021 7 1 20 0 0 0
2021 7 1 20 0 1 1
2021 7 2 8 0 0 1
2021 7 2 8 0 1 0
2021 7 2 20 0 0 0
2021 7 2 20 0 1 1
2021 7 3 8 0 0 1
2021 7 3 8 0 1 0
2021 7 3 20 0 0 0
2021 7 3 20 0 1 1
2021 7 4 8 0 0 1
2021 7 4 8 0 1 0
2021 7 4 20 0 0 0
2021 7 4 20 0 1 1
2021 7 5 8 0 0 1
2021 7 5 8 0 1 0
2021 7 5 20 0 0 0
2021 7 5 20 0 1 1
2021 7 6 8 0 0 1
2021 7 6 8 0 1 0
2021 7 6 20 0 0 0
2021 7 6 20 0 1 1
2021 7 7 8 0 0 1
2021 7 7 8 0 1 0
2021 7 7 20 0 0 0
2021 7 7 20 0 1 1
2021 7 8 8 0 0 1
2021 7 8 8 0 1 0
2021 7 8 20 0 0 0
2021 7 8 20 0 1 1
2021 7 9 8 0 0 1
2021 7 9 8 0 1 0
2021 7 9 20 0 0 0
2021 7 9 20 0 1 1
2021 7 10 8 0 0 1
2021 7 10 8 0 1 0
2021 7 10 20 0 0 0
2021 7 10 20 0 1 1
2021 7 11 8 0 0 1
2021 7 11 8 0 1 0
2021 7 11 20 0 0 0
2021 7 11 20 0 1 1
2021 7 12 8 0 0 1
2021 7 12 8 0 1 0
2021 7 12 20 0 0 0
2021 7 12 20 0 1 1
2021 7 13 8 0 0 1
2021 7 13 8 0 1 0
2021 7 13 20 0 0 0
2021 7 13 20 0 1 1
2021 7 14 8 0 0 1
2021 7 14 8 0 1 0
2021 7 14 20 0 0 0
2021 7 14 20 0 1 1
2021 7 15 8 0 0 1
2021 7 15 8 0 1 0
2021 7 15 20 0 0 0
2021 7 15 20 0 1 1
2021 7 16 8 0 0 1
2021 7 16 8 0 1 0
2021 7 16 20 0 0 0
2021 7 16 20 0 1 1
2021 7 17 8 0 0 1
2021 7 17 8 0 1 0
2021 7 17 20 0 0 0
2021 7 17 20 0 1 1
2021 7 18 8 0 0 1
2021 7 18 8 0 1 0
2021 7 18 20 0 0 0
2021 7 18 20 0 1 1
2021 7 19 8 0 0 1
2021 7 19 8 0 1 0
2021 7 19 20 0 0 0
2021 7 19 20 0 1 1
2021 7 20 8 0 0 1
2021 7 20 8 0 1 0
2021 7 20 20 0 0 0
2021 7 20 20 0 1 1
2021 7 21 8 0 0 1
2021 7 21 8 0 1 0
2021 7 21 20 0 0 0
2021 7 21 20 0 1 1
2021 7 22 8 0 0 1
2021 7 22 8 0 1 0
2021 7 22 20 0 0 0
2021 7 22 20 0 1 1
2021 7 23 8 0 0 1
2021 7 23 8 0 1 0
2021 7 23 20 0 0 0
2021 7 23 20 0 1 1
2021 7 24 8 0 0 1
2021 7 24 8 0 1 0
2021 7 24 20 0 0 0
2021 7 24 20 0 1 1
2021 7 25 8 0 0 1
2021 7 25 8 0 1 0
2021 7 25 20 0 0 0
2021 7 25 20 0 1 1
2021 7 26 8 0 0 1
2021 7 26 8 0 1 0
2021 7 26 20 0 0 0
2021 7 26 20 0 1 1
2021 7 27 8 0 0 1
2021 7 27 8 0 1 0
2021 7 27 20 0 0 0
2021 7 27 20 0 1 1
2021 7 28 8 0 0 1
2021 7 28 8 0 1 0
2021 7 28 20 0 0 0
2021 7 28 20 0 1 1
2021 7 29 8 0 0 1
2021 7 29 8 0 1 0
2021 7 29 20 0 0 0
2021 7 29 20 0 1 1
2021 7 30 8 0 0 1
2021 7 30 8 0 1 0
2021 7 30 20 0 0 0
2021 7 30 20 0 1 1
2021 7 31 8 0 0 1
2021 7 31 8 0 1 0
2021 7 31 20 0 0 0
2021 7 31 20 0 1 1
2021 8 1 8 0 0 1
2021 8 1 8 0 1 0
2021 8 1 20 0 0 0
2021 8 1 20 0 1 1
2021 8 2 8 0 0 1
2021 8 2 8 0 1 0
2021 8 2 20 0 0 0
2021 8 2 20 0 1 1
2021 8 3 8 0 0 1
2021 8 3 8 0 1 0
2021 8 3 20 0 0 0
2021 8 3 20 0 1 1
2021 8 4 8 0 0 1
2021 8 4 8 0 1 0
2021 8 4 20 0 0 0
2021 8 4 20 0 1 1
2021 8 5 8 0 0 1
2021 8 5 8 0 1 0
2021 8 5 20 0 0 0
2021 8 5 20 0 1 1
2021 8 6 8 0 0 1
2021 8 6 8 0 1 0
2021 8 6 20 0 0 0
2021 8 6 20 0 1 1
2021 8 7 8 0 0 1
2021 8 7 8 0 1 0
2021 8 7 20 0 0 0
2021 8 7 20 0 1 1
2021 8 8 8 0 0 1
2021 8 8 8 0 1 0
2021 8 8 20 0 0 0
2021 8 8 20 0 1 1
2021 8 9 8 0 0 1
2021 8 9 8 0 1 0
2021 8 9 20 0 0 0
2021 8 9 20 0 1 1
2021 8 10 8 0 0 1
2021 8 10 8 0 1 0
2021 8 10 20 0 0 0
2021 8 10 20 0 1 1
2021 8 11 8 0 0 1
2021 8 11 8 0 1 0
2021 8 11 20 0 0 0
2021 8 11 20 0 1 1
2021 8 12 8 0 0 1
2021 8 12 8 0 1 0
2021 8 12 20 0 0 0
2021 8 12 20 0 1 1
2021 8 13 8 0 0 1
2021 8 13 8 0 1 0
2021 8 13 20 0 0 0
2021 8 13 20 0 1 1
2021 8 14 8 0 0 1
2021 8 14 8 0 1 0
2021 8 14 20 0 0 0
2021 8 14 20 0 1 1
2021 8 15 8 0 0 1
2021 8 15 8 0 1 0
2021 8 15 20 0 0 0
2021 8 15 20 0 1 1
2021 8 16 8 0 0 1
2021 8 16 8 0 1 0
2021 8 16 20 0 0 0
2021 8 16 20 0 1 1
2021 8 17 8 0 0 1
2021 8 17 8 0 1 0
2021 8 17 20 0 0 0
2021 8 17 20 0 1 1
2021 8 18 8 0 0 1
2021 8 18 8 0 1 0
2021 8 18 20 0 0 0
2021 8 18 20 0 1 1
2021 8 19 8 0 0 1
2021 8 19 8 0 1 0
2021 8 19 20 0 0 0
2021 8 19 20 0 1 1
2021 8 20 8 0 0 1
2021 8 20 8 0 1 0
2021 8 20 20 0 0 0
2021 8 20 20 0 1 1
2021 8 21 8 0 0 1
2021 8 21 8 0 1 0
2021 8 21 20 0 0 0
2021 8 21 20 0 1 1
2021 8 22 8 0 0 1
2021 8 22 8 0 1 0
2021 8 22 20 0 0 0
2021 8 22 20 0 1 1
2021 8 23 8 0 0 1
2021 8 23 8 0 1 0
2021 8 23 20 0 0 0
2021 8 23 20 0 1 1
2021 8 24 8 0 0 1
2021 8 24 8 0 1 0
2021 8 24 20 0 0 0
2021 8 24 20 0 1 1
2021 8 25 8 0 0 1
2021 8 25 8 0 1 0
2021 8 25 20 0 0 0
2021 8 25 20 0 1 1
2021 8 26 8 0 0 1
2021 8 26 8 0 1 0
2021 8 26 20 0 0 0
2021 8 26 20 0 1 1
2021 8 27 8 0 0 1
2021 8 27 8 0 1 0
2021 8 27 20 0 0 0
2021 8 27 20 0 1 1
2021 8 28 8 0 0 1
2021 8 28 8 0 1 0
2021 8 28 20 0 0 0
2021 8 28 20 0 1 1
2021 8 29 8 0 0 1
2021 8 29 8 0 1 0
2021 8 29 20 0 0 0
2021 8 29 20 0 1 1
2021 8 30 8 0 0 1
2021 8 30 8 0 1 0
2021 8 30 20 0 0 0
2021 8 30 20 0 1 1
2021 8 31 8 0 0 1
2021 8 31 8 0 1 0
2021 8 31 20 0 0 0
2021 8 31 20 0 1 1
2021 9 1 8 0 0 1
2021 9 1 8 0 1 0
2021 9 1 20 0 0 0
2021 9 1 20 0 1 1
2021 9 2 8 0 0 1
2021 9 2 8 0 1 0
2021 9 2 20 0 0 0
2021 9 2 20 0 1 1
2021 9 3 8 0 0 1
2021 9 3 8 0 1 0
2021 9 3 20 0 0 0
2021 9 3 20 0 1 1
2021 9 4 8 0 0 1
2021 9 4 8 0 1 0
2021 9 4 20 0 0 0
2021 9 4 20 0 1 1
2021 9 5 8 0 0 1
2021 9 5 8 0 1 0
2021 9 5 20 0 0 0
2021 9 5 20 0 1 1
2021 9 6 8 0 0 1
2021 9 6 8 0 1 0
2021 9 6 20 0 0 0
2021 9 6 20 0 1 1
2021 9 7 8 0 0 1
2021 9 7 8 0 1 0
2021 9 7 20 0 0 0
2021 9 7 20 0 1 1
2021 9 8 8 0 0 1
2021 9 8 8 0 1 0
2021 9 8 20 0 0 0
2021 9 8 20 0 1 1
2021 9 9 8 0 0 1
2021 9 9 8 0 1 0
2021 9 9 20 0 0 0
2021 9 9 20 0 1 1
2021 9 10 8 0 0 1
2021 9 10 8 0 1 0
2021 9 10 20 0 0 0
2021 9 10 20 0 1 1
2021 9 11 8 0 0 1
2021 9 11 8 0 1 0
2021 9 11 20 0 0 0
2021 9 11 20 0 1 1
2021 9 12 8 0 0 1
2021 9 12 8 0 1 0
2021 9 12 20 0 0 0
2021 9 12 20 0 1 1
2021 9 13 8 0 0 1
2021 9 13 8 0 1 0
2021 9 13 20 0 0 0
2021 9 13 20 0 1 1
2021 9 14 8 0 0 1
2021 9 14 8 0 1 0
2021 9 14 20 0 0 0
2021 9 14 20 0 1 1
2021 9 15 8 0 0 1
2021 9 15 8 0 1 0
2021 9 15 20 0 0 0
2021 9 15 20 0 1 1
2021 9 16 8 0 0 1
2021 9 16 8 0 1 0
2021 9 16 20 0 0 0
2021 9 16 20 0 1 1
2021 9 17 8 0 0 1
2021 9 17 8 0 1 0
2021 9 17 20 0 0 0
2021 9 17 20 0 1 1
2021 9 18 8 0 0 1
2021 9 18 8 0 1 0
2021 9 18 20 0 0 0
2021 9 18 20 0 1 1
2021 9 19 8 0 0 1
2021 9 19 8 0 1 0
2021 9 19 20 0 0 0
2021 9 19 20 0 1 1
2021 9 20 8 0 0 1
2021 9 20 8 0 1 0
2021 9 20 20 0 0 0
2021 9 20 20 0 1 1
2021 9 21 8 0 0 1
2021 9 21 8 0 1 0
2021 9 21 20 0 0 0
2021 9 21 20 0 1 1
2021 9 22 8 0 0 1
2021 9 22 8 0 1 0
2021 9 22 20 0 0 0
2021 9 22 20 0 1 1
2021 9 23 8 0 0 1
2021 9 23 8 0 1 0
2021 9 23 20 0 0 0
2021 9 23 20 0 1 1
2021 9 24 8 0 0 1
2021 9 24 8 0 1 0
2021 9 24 20 0 0 0
2021 9 24 20 0 1 1
2021 9 25 8 0 0 1
2021 9 25 8 0 1 0
2021 9 25 20 0 0 0
2021 9 25 20 0 1 1
2021 9 26 8 0 0 1
2021 9 26 8 0 1 0
2021 9 26 20 0 0 0
2021 9 26 20 0 1 1
2021 9 27 8 0 0 1
2021 9 27 8 0 1 0
2021 9 27 20 0 0 0
2021 9 27 20 0 1 1
2021 9 28 8 0 0 1
2021 9 28 8 0 1 0
2021 9 28 20 0 0 0
2021 9 28 20 0 1 1
2021 9 29 8 0 0 1
2021 9 29 8 0 1 0
2021 9 29 20 0 0 0
2021 9 29 20 0 1 1
2021 9 30 8 0 0 1
2021 9 30 8 0 1 0
2021 9 30 20 0 0 0
2021 9 30 20 0 1 1
2021 10 1 15 0 0 1
