2022 5 13 2 0 0 0
2022 5 14 8 0 0 0
2022 5 14 8 0 1 1
2022 5 14 20 0 0 1
2022 5 14 20 0 1 0
2022 5 15 8 0 0 0
2022 5 15 8 0 1 1
2022 5 15 20 0 0 1
2022 5 15 20 0 1 0
2022 5 16 8 0 0 0
2022 5 16 8 0 1 1
2022 5 16 20 0 0 1
2022 5 16 20 0 1 0
2022 5 17 8 0 0 0
2022 5 17 8 0 1 1
2022 5 17 20 0 0 1
2022 5 17 20 0 1 0
2022 5 18 8 0 0 0
2022 5 18 8 0 1 1
2022 5 18 20 0 0 1
2022 5 18 20 0 1 0
2022 5 19 8 0 0 0
2022 5 19 8 0 1 1
2022 5 19 20 0 0 1
2022 5 19 20 0 1 0
2022 5 20 8 0 0 0
2022 5 20 8 0 1 1
2022 5 20 20 0 0 1
2022 5 20 20 0 1 0
2022 5 21 8 0 0 0
2022 5 21 8 0 1 1
2022 5 21 20 0 0 1
2022 5 21 20 0 1 0
2022 5 22 8 0 0 0
2022 5 22 8 0 1 1
2022 5 22 20 0 0 1
2022 5 22 20 0 1 0
2022 5 23 8 0 0 0
2022 5 23 8 0 1 1
2022 5 23 20 0 0 1
2022 5 23 20 0 1 0
2022 5 24 8 0 0 0
2022 5 24 8 0 1 1
2022 5 24 20 0 0 1
2022 5 24 20 0 1 0
2022 5 25 8 0 0 0
2022 5 25 8 0 1 1
2022 5 25 20 0 0 1
2022 5 25 20 0 1 0
2022 5 26 8 0 0 0
2022 5 26 8 0 1 1
2022 5 26 20 0 0 1
2022 5 26 20 0 1 0
2022 5 27 8 0 0 0
2022 5 27 8 0 1 1
2022 5 27 20 0 0 1
2022 5 27 20 0 1 0
2022 5 28 8 0 0 0
2022 5 28 8 0 1 1
2022 5 28 20 0 0 1
2022 5 28 20 0 1 0
2022 5 29 8 0 0 0
2022 5 29 8 0 1 1
2022 5 29 20 0 0 1
2022 5 29 20 0 1 0
2022 5 30 8 0 0 0
2022 5 30 8 0 1 1
2022 5 30 20 0 0 1
2022 5 30 20 0 1 0
2022 5 31 8 0 0 0
2022 5 31 8 0 1 1
2022 5 31 20 0 0 1
2022 5 31 20 0 1 0
2022 6 1 8 0 0 0
2022 6 1 8 0 1 1
2022 6 1 20 0 0 1
2022 6 1 20 0 1 0
2022 6 2 8 0 0 0
2022 6 2 8 0 1 1
2022 6 2 20 0 0 1
2022 6 2 20 0 1 0
2022 6 3 8 0 0 0
2022 6 3 8 0 1 1
2022 6 3 20 0 0 1
2022 6 3 20 0 1 0
2022 6 4 8 0 0 0
2022 6 4 8 0 1 1
2022 6 4 20 0 0 1
2022 6 4 20 0 1 0
2022 6 5 8 0 0 0
2022 6 5 8 0 1 1
2022 6 5 20 0 0 1
2022 6 5 20 0 1 0
2022 6 6 8 0 0 0
2022 6 6 8 0 1 1
2022 6 6 20 0 0 1
2022 6 6 20 0 1 0
2022 6 7 8 0 0 0
2022 6 7 8 0 1 1
2022 6 7 20 0 0 1
2022 6 7 20 0 1 0
2022 6 8 8 0 0 0
2022 6 8 8 0 1 1
2022 6 8 20 0 0 1
2022 6 8 20 0 1 0
2022 6 9 8 0 0 0
2022 6 9 8 0 1 1
2022 6 9 20 0 0 1
2022 6 9 20 0 1 0
2022 6 10 8 0 0 0
2022 6 10 8 0 1 1
2022 6 10 20 0 0 1
2022 6 10 20 0 1 0
2022 6 11 8 0 0 0
2022 6 11 8 0 1 1
2022 6 11 20 0 0 1
2022 6 11 20 0 1 0
2022 6 12 8 0 0 0
2022 6 12 8 0 1 1
2022 6 12 20 0 0 1
2022 6 12 20 0 1 0
2022 6 13 8 0 0 0
2022 6 13 8 0 1 1
2022 6 13 20 0 0 1
2022 6 13 20 0 1 0
2022 6 14 8 0 0 0
2022 6 14 8 0 1 1
2022 6 14 20 0 0 1
2022 6 14 20 0 1 0
2022 6 15 8 0 0 0
2022 6 15 8 0 1 1
2022 6 15 20 0 0 1
2022 6 15 20 0 1 0
2022 6 16 8 0 0 0
2022 6 16 8 0 1 1
2022 6 16 20 0 0 1
2022 6 16 20 0 1 0
2022 6 17 8 0 0 0
2022 6 17 8 0 1 1
2022 6 17 20 0 0 1
2022 6 17 20 0 1 0
2022 6 18 8 0 0 0
2022 6 18 8 0 1 1
2022 6 18 20 0 0 1
2022 6 18 20 0 1 0
2022 6 19 8 0 0 0
2022 6 19 8 0 1 1
2022 6 19 20 0 0 1
2022 6 19 20 0 1 0
2022 6 20 8 0 0 0
2022 6 20 8 0 1 1
2022 6 20 20 0 0 1
2022 6 20 20 0 1 0
2022 6 21 8 0 0 0
2022 6 21 8 0 1 1
2022 6 21 20 0 0 1
2022 6 21 20 0 1 0
2022 6 22 8 0 0 0
2022 6 22 8 0 1 1
2022 6 22 20 0 0 1
2022 6 22 20 0 1 0
2022 6 23 8 0 0 0
2022 6 23 8 0 1 1
2022 6 23 20 0 0 1
2022 6 23 20 0 1 0
2022 6 24 8 0 0 0
2022 6 24 8 0 1 1
2022 6 24 20 0 0 1
2022 6 24 20 0 1 0
2022 6 25 8 0 0 0
2022 6 25 8 0 1 1
2022 6 25 20 0 0 1
2022 6 25 20 0 1 0
2022 6 26 8 0 0 0
2022 6 26 8 0 1 1
2022 6 26 20 0 0 1
2022 6 26 20 0 1 0
2022 6 27 8 0 0 0
2022 6 27 8 0 1 1
2022 6 27 20 0 0 1
2022 6 27 20 0 1 0
2022 6 28 8 0 0 0
2022 6 28 8 0 1 1
2022 6 28 20 0 0 1
2022 6 28 20 0 1 0
2022 6 29 8 0 0 0
2022 6 29 8 0 1 1
2022 6 29 20 0 0 1
2022 6 29 20 0 1 0
2022 6 30 8 0 0 0
2022 6 30 8 0 1 1
2022 6 30 20 0 0 1
2022 6 30 20 0 1 0
2022 7 1 8 0 0 0
2022 7 1 8 0 1 1
2022 7 1 20 0 0 1
2022 7 1 20 0 1 0
2022 7 2 8 0 0 0
2022 7 2 8 0 1 1
2022 7 2 20 0 0 1
2022 7 2 20 0 1 0
2022 7 3 8 0 0 0
2022 7 3 8 0 1 1
2022 7 3 20 0 0 1
2022 7 3 20 0 1 0
2022 7 4 8 0 0 0
2022 7 4 8 0 1 1
2022 7 4 20 0 0 1
2022 7 4 20 0 1 0
2022 7 5 8 0 0 0
2022 7 5 8 0 1 1
2022 7 5 20 0 0 1
2022 7 5 20 0 1 0
2022 7 6 8 0 0 0
2022 7 6 8 0 1 1
2022 7 6 20 0 0 1
2022 7 6 20 0 1 0
2022 7 7 8 0 0 0
2022 7 7 8 0 1 1
2022 7 7 20 0 0 1
2022 7 7 20 0 1 0
2022 7 8 8 0 0 0
2022 7 8 8 0 1 1
2022 7 8 20 0 0 1
2022 7 8 20 0 1 0
2022 7 9 8 0 0 0
2022 7 9 8 0 1 1
2022 7 9 20 0 0 1
2022 7 9 20 0 1 0
2022 7 10 8 0 0 0
2022 7 10 8 0 1 1
2022 7 10 20 0 0 1
2022 7 10 20 0 1 0
2022 7 11 8 0 0 0
2022 7 11 8 0 1 1
2022 7 11 20 0 0 1
2022 7 11 20 0 1 0
2022 7 12 8 0 0 0
2022 7 12 8 0 1 1
2022 7 12 20 0 0 1
2022 7 12 20 0 1 0
2022 7 13 8 0 0 0
2022 7 13 8 0 1 1
2022 7 13 20 0 0 1
2022 7 13 20 0 1 0
2022 7 14 8 0 0 0
2022 7 14 8 0 1 1
2022 7 14 20 0 0 1
2022 7 14 20 0 1 0
2022 7 15 8 0 0 0
2022 7 15 8 0 1 1
2022 7 15 20 0 0 1
2022 7 15 20 0 1 0
2022 7 16 8 0 0 0
2022 7 16 8 0 1 1
2022 7 16 20 0 0 1
2022 7 16 20 0 1 0
2022 7 17 8 0 0 0
2022 7 17 8 0 1 1
2022 7 17 20 0 0 1
2022 7 17 20 0 1 0
2022 7 18 8 0 0 0
2022 7 18 8 0 1 1
2022 7 18 20 0 0 1
2022 7 18 20 0 1 0
2022 7 19 8 0 0 0
2022 7 19 8 0 1 1
2022 7 19 20 0 0 1
2022 7 19 20 0 1 0
2022 7 20 8 0 0 0
2022 7 20 8 0 1 1
2022 7 20 20 0 0 1
2022 7 20 20 0 1 0
2022 7 21 8 0 0 0
2022 7 21 8 0 1 1
2022 7 21 20 0 0 1
2022 7 21 20 0 1 0
2022 7 22 8 0 0 0
2022 7 22 8 0 1 1
2022 7 22 20 0 0 1
2022 7 22 20 0 1 0
2022 7 23 8 0 0 0
2022 7 23 8 0 1 1
2022 7 23 20 0 0 1
2022 7 23 20 0 1 0
2022 7 24 8 0 0 0
2022 7 24 8 0 1 1
2022 7 24 20 0 0 1
2022 7 24 20 0 1 0
2022 7 25 8 0 0 0
2022 7 25 8 0 1 1
2022 7 25 20 0 0 1
2022 7 25 20 0 1 0
2022 7 26 8 0 0 0
2022 7 26 8 0 1 1
2022 7 26 20 0 0 1
2022 7 26 20 0 1 0
2022 7 27 8 0 0 0
2022 7 27 8 0 1 1
2022 7 27 20 0 0 1
2022 7 27 20 0 1 0
2022 7 28 8 0 0 0
2022 7 28 8 0 1 1
2022 7 28 20 0 0 1
2022 7 28 20 0 1 0
2022 7 29 8 0 0 0
2022 7 29 8 0 1 1
2022 7 29 20 0 0 1
2022 7 29 20 0 1 0
2022 7 30 8 0 0 0
2022 7 30 8 0 1 1
2022 7 30 20 0 0 1
2022 7 30 20 0 1 0
2022 7 31 8 0 0 0
2022 7 31 8 0 1 1
2022 7 31 20 0 0 1
2022 7 31 20 0 1 0
2022 8 1 8 0 0 0
2022 8 1 8 0 1 1
2022 8 1 20 0 0 1
2022 8 1 20 0 1 0
2022 8 2 8 0 0 0
2022 8 2 8 0 1 1
2022 8 2 20 0 0 1
2022 8 2 20 0 1 0
2022 8 3 8 0 0 0
2022 8 3 8 0 1 1
2022 8 3 20 0 0 1
2022 8 3 20 0 1 0
2022 8 4 8 0 0 0
2022 8 4 8 0 1 1
2022 8 4 20 0 0 1
2022 8 4 20 0 1 0
2022 8 5 8 0 0 0
2022 8 5 8 0 1 1
2022 8 5 20 0 0 1
2022 8 5 20 0 1 0
2022 8 6 8 0 0 0
2022 8 6 8 0 1 1
2022 8 6 20 0 0 1
2022 8 6 20 0 1 0
2022 8 7 8 0 0 0
2022 8 7 8 0 1 1
2022 8 7 20 0 0 1
2022 8 7 20 0 1 0
2022 8 8 8 0 0 0
2022 8 8 8 0 1 1
2022 8 8 20 0 0 1
2022 8 8 20 0 1 0
2022 8 9 8 0 0 0
2022 8 9 8 0 1 1
2022 8 9 20 0 0 1
2022 8 9 20 0 1 0
2022 8 10 8 0 0 0
2022 8 10 8 0 1 1
2022 8 10 20 0 0 1
2022 8 10 20 0 1 0
2022 8 11 8 0 0 0
2022 8 11 8 0 1 1
2022 8 11 20 0 0 1
2022 8 11 20 0 1 0
2022 8 12 8 0 0 0
2022 8 12 8 0 1 1
2022 8 12 20 0 0 1
2022 8 12 20 0 1 0
2022 8 13 8 0 0 0
2022 8 13 8 0 1 1
2022 8 13 20 0 0 1
2022 8 13 20 0 1 0
2022 8 14 8 0 0 0
2022 8 14 8 0 1 1
2022 8 14 20 0 0 1
2022 8 14 20 0 1 0
2022 8 15 8 0 0 0
2022 8 15 8 0 1 1
2022 8 15 20 0 0 1
2022 8 15 20 0 1 0
2022 8 16 8 0 0 0
2022 8 16 8 0 1 1
2022 8 16 20 0 0 1
2022 8 16 20 0 1 0
2022 8 17 8 0 0 0
2022 8 17 8 0 1 1
2022 8 17 20 0 0 1
2022 8 17 20 0 1 0
2022 8 18 8 0 0 0
2022 8 18 8 0 1 1
2022 8 18 20 0 0 1
2022 8 18 20 0 1 0
2022 8 19 8 0 0 0
2022 8 19 8 0 1 1
2022 8 19 20 0 0 1
2022 8 19 20 0 1 0
2022 8 20 8 0 0 0
2022 8 20 8 0 1 1
2022 8 20 20 0 0 1
2022 8 20 20 0 1 0
2022 8 21 8 0 0 0
2022 8 21 8 0 1 1
2022 8 21 20 0 0 1
2022 8 21 20 0 1 0
2022 8 22 8 0 0 0
2022 8 22 8 0 1 1
2022 8 22 20 0 0 1
2022 8 22 20 0 1 0
2022 8 23 8 0 0 0
2022 8 23 8 0 1 1
2022 8 23 20 0 0 1
2022 8 23 20 0 1 0
2022 8 24 8 0 0 0
2022 8 24 8 0 1 1
2022 8 24 20 0 0 1
2022 8 24 20 0 1 0
2022 8 25 8 0 0 0
2022 8 25 8 0 1 1
2022 8 25 20 0 0 1
2022 8 25 20 0 1 0
2022 8 26 8 0 0 0
2022 8 26 8 0 1 1
2022 8 26 20 0 0 1
2022 8 26 20 0 1 0
2022 8 27 8 0 0 0
2022 8 27 8 0 1 1
2022 8 27 20 0 0 1
2022 8 27 20 0 1 0
2022 8 28 8 0 0 0
2022 8 28 8 0 1 1
2022 8 28 20 0 0 1
2022 8 28 20 0 1 0
2022 8 29 8 0 0 0
2022 8 29 8 0 1 1
2022 8 29 20 0 0 1
2022 8 29 20 0 1 0
2022 8 30 8 0 0 0
2022 8 30 8 0 1 1
2022 8 30 20 0 0 1
2022 8 30 20 0 1 0
2022 8 31 8 0 0 0
2022 8 31 8 0 1 1
2022 8 31 20 0 0 1
2022 8 31 20 0 1 0
2022 9 1 8 0 0 0
2022 9 1 8 0 1 1
2022 9 1 20 0 0 1
2022 9 1 20 0 1 0
2022 9 2 8 0 0 0
2022 9 2 8 0 1 1
2022 9 2 20 0 0 1
2022 9 2 20 0 1 0
2022 9 3 8 0 0 0
2022 9 3 8 0 1 1
2022 9 3 20 0 0 1
2022 9 3 20 0 1 0
2022 9 4 8 0 0 0
2022 9 4 8 0 1 1
2022 9 4 20 0 0 1
2022 9 4 20 0 1 0
2022 9 5 8 0 0 0
2022 9 5 8 0 1 1
2022 9 5 20 0 0 1
2022 9 5 20 0 1 0
2022 9 6 8 0 0 0
2022 9 6 8 0 1 1
2022 9 6 20 0 0 1
2022 9 6 20 0 1 0
2022 9 7 8 0 0 0
2022 9 7 8 0 1 1
2022 9 7 20 0 0 1
2022 9 7 20 0 1 0
2022 9 8 8 0 0 0
2022 9 8 8 0 1 1
2022 9 8 20 0 0 1
2022 9 8 20 0 1 0
2022 9 9 8 0 0 0
2022 9 9 8 0 1 1
2022 9 9 20 0 0 1
2022 9 9 20 0 1 0
2022 9 10 8 0 0 0
2022 9 10 8 0 1 1
2022 9 10 20 0 0 1
2022 9 10 20 0 1 0
2022 9 11 8 0 0 0
2022 9 11 8 0 1 1
2022 9 11 20 0 0 1
2022 9 11 20 0 1 0
2022 9 12 8 0 0 0
2022 9 12 8 0 1 1
2022 9 12 20 0 0 1
2022 9 12 20 0 1 0
2022 9 13 8 0 0 0
2022 9 13 8 0 1 1
2022 9 13 20 0 0 1
2022 9 13 20 0 1 0
2022 9 14 8 0 0 0
2022 9 14 8 0 1 1
2022 9 14 20 0 0 1
2022 9 14 20 0 1 0
2022 9 15 8 0 0 0
2022 9 15 8 0 1 1
2022 9 15 20 0 0 1
2022 9 15 20 0 1 0
2022 9 16 8 0 0 0
2022 9 16 8 0 1 1
2022 9 16 20 0 0 1
2022 9 16 20 0 1 0
2022 9 17 8 0 0 0
2022 9 17 8 0 1 1
2022 9 17 20 0 0 1
2022 9 17 20 0 1 0
2022 9 18 8 0 0 0
2022 9 18 8 0 1 1
2022 9 18 20 0 0 1
2022 9 18 20 0 1 0
2022 9 19 8 0 0 0
2022 9 19 8 0 1 1
2022 9 19 20 0 0 1
2022 9 19 20 0 1 0
2022 9 20 8 0 0 0
2022 9 20 8 0 1 1
2022 9 20 20 0 0 1
2022 9 20 20 0 1 0
2022 9 21 8 0 0 0
2022 9 21 8 0 1 1
2022 9 21 20 0 0 1
2022 9 21 20 0 1 0
2022 9 22 8 0 0 0
2022 9 22 8 0 1 1
2022 9 22 20 0 0 1
2022 9 22 20 0 1 0
2022 9 23 8 0 0 0
2022 9 23 8 0 1 1
2022 9 23 20 0 0 1
2022 9 23 20 0 1 0
2022 9 24 8 0 0 0
2022 9 24 8 0 1 1
2022 9 24 20 0 0 1
2022 9 24 20 0 1 0
2022 9 25 8 0 0 0
2022 9 25 8 0 1 1
2022 9 25 20 0 0 1
2022 9 25 20 0 1 0
2022 9 26 8 0 0 0
2022 9 26 8 0 1 1
2022 9 26 20 0 0 1
2022 9 26 20 0 1 0
2022 9 27 8 0 0 0
2022 9 27 8 0 1 1
2022 9 27 20 0 0 1
2022 9 27 20 0 1 0
2022 9 28 8 0 0 0
2022 9 28 8 0 1 1
2022 9 28 20 0 0 1
2022 9 28 20 0 1 0
2022 9 29 8 0 0 0
2022 9 29 8 0 1 1
2022 9 29 20 0 0 1
2022 9 29 20 0 1 0
2022 9 30 8 0 0 0
2022 9 30 8 0 1 1
2022 9 30 20 0 0 1
2022 9 30 20 0 1 0
2022 10 1 15 0 0 0
