2022 5 13 2 0 0 0
2022 5 20 8 0 0 0
2022 5 20 8 0 1 1
2022 5 20 16 0 0 1
2022 5 20 16 0 1 0
2022 5 27 8 0 0 0
2022 5 27 8 0 1 1
2022 5 27 16 0 0 1
2022 5 27 16 0 1 0
2022 6 3 8 0 0 0
2022 6 3 8 0 1 1
2022 6 3 16 0 0 1
2022 6 3 16 0 1 0
2022 6 10 8 0 0 0
2022 6 10 8 0 1 1
2022 6 10 16 0 0 1
2022 6 10 16 0 1 0
2022 6 17 8 0 0 0
2022 6 17 8 0 1 1
2022 6 17 16 0 0 1
2022 6 17 16 0 1 0
2022 6 24 8 0 0 0
2022 6 24 8 0 1 1
2022 6 24 16 0 0 1
2022 6 24 16 0 1 0
2022 7 1 8 0 0 0
2022 7 1 8 0 1 1
2022 7 1 16 0 0 1
2022 7 1 16 0 1 0
2022 7 8 8 0 0 0
2022 7 8 8 0 1 1
2022 7 8 16 0 0 1
2022 7 8 16 0 1 0
2022 7 15 8 0 0 0
2022 7 15 8 0 1 1
2022 7 15 16 0 0 1
2022 7 15 16 0 1 0
2022 7 22 8 0 0 0
2022 7 22 8 0 1 1
2022 7 22 16 0 0 1
2022 7 22 16 0 1 0
2022 7 29 8 0 0 0
2022 7 29 8 0 1 1
2022 7 29 16 0 0 1
2022 7 29 16 0 1 0
2022 8 5 8 0 0 0
2022 8 5 8 0 1 1
2022 8 5 16 0 0 1
2022 8 5 16 0 1 0
2022 8 12 8 0 0 0
2022 8 12 8 0 1 1
2022 8 12 16 0 0 1
2022 8 12 16 0 1 0
2022 8 19 8 0 0 0
2022 8 19 8 0 1 1
2022 8 19 16 0 0 1
2022 8 19 16 0 1 0
2022 8 26 8 0 0 0
2022 8 26 8 0 1 1
2022 8 26 16 0 0 1
2022 8 26 16 0 1 0
2022 9 2 8 0 0 0
2022 9 2 8 0 1 1
2022 9 2 16 0 0 1
2022 9 2 16 0 1 0
2022 9 9 8 0 0 0
2022 9 9 8 0 1 1
2022 9 9 16 0 0 1
2022 9 9 16 0 1 0
2022 9 16 8 0 0 0
2022 9 16 8 0 1 1
2022 9 16 16 0 0 1
2022 9 16 16 0 1 0
2022 9 23 8 0 0 0
2022 9 23 8 0 1 1
2022 9 23 16 0 0 1
2022 9 23 16 0 1 0
2022 9 30 8 0 0 0
2022 9 30 8 0 1 1
2022 9 30 16 0 0 1
2022 9 30 16 0 1 0
2022 10 1 15 0 0 0
