2022 5 13 2 0 0 0e-3
2022 5 14 5 0 0 0e-3
2022 5 14 5 0 1 1e-3
2022 5 14 17 0 0 1e-3
2022 5 14 17 0 1 0e-3
2022 5 15 5 0 0 0e-3
2022 5 15 5 0 1 1e-3
2022 5 15 17 0 0 1e-3
2022 5 15 17 0 1 0e-3
2022 5 16 5 0 0 0e-3
2022 5 16 5 0 1 1e-3
2022 5 16 17 0 0 1e-3
2022 5 16 17 0 1 0e-3
2022 5 17 5 0 0 0e-3
2022 5 17 5 0 1 1e-3
2022 5 17 17 0 0 1e-3
2022 5 17 17 0 1 0e-3
2022 5 18 5 0 0 0e-3
2022 5 18 5 0 1 1e-3
2022 5 18 17 0 0 1e-3
2022 5 18 17 0 1 0e-3
2022 5 19 5 0 0 0e-3
2022 5 19 5 0 1 1e-3
2022 5 19 17 0 0 1e-3
2022 5 19 17 0 1 0e-3
2022 5 20 5 0 0 0e-3
2022 5 20 5 0 1 1e-3
2022 5 20 17 0 0 1e-3
2022 5 20 17 0 1 0e-3
2022 5 21 5 0 0 0e-3
2022 5 21 5 0 1 1e-3
2022 5 21 17 0 0 1e-3
2022 5 21 17 0 1 0e-3
2022 5 22 5 0 0 0e-3
2022 5 22 5 0 1 1e-3
2022 5 22 17 0 0 1e-3
2022 5 22 17 0 1 0e-3
2022 5 23 5 0 0 0e-3
2022 5 23 5 0 1 1e-3
2022 5 23 17 0 0 1e-3
2022 5 23 17 0 1 0e-3
2022 5 24 5 0 0 0e-3
2022 5 24 5 0 1 1e-3
2022 5 24 17 0 0 1e-3
2022 5 24 17 0 1 0e-3
2022 5 25 5 0 0 0e-3
2022 5 25 5 0 1 1e-3
2022 5 25 17 0 0 1e-3
2022 5 25 17 0 1 0e-3
2022 5 26 5 0 0 0e-3
2022 5 26 5 0 1 1e-3
2022 5 26 17 0 0 1e-3
2022 5 26 17 0 1 0e-3
2022 5 27 5 0 0 0e-3
2022 5 27 5 0 1 1e-3
2022 5 27 17 0 0 1e-3
2022 5 27 17 0 1 0e-3
2022 5 28 5 0 0 0e-3
2022 5 28 5 0 1 1e-3
2022 5 28 17 0 0 1e-3
2022 5 28 17 0 1 0e-3
2022 5 29 5 0 0 0e-3
2022 5 29 5 0 1 1e-3
2022 5 29 17 0 0 1e-3
2022 5 29 17 0 1 0e-3
2022 5 30 5 0 0 0e-3
2022 5 30 5 0 1 1e-3
2022 5 30 17 0 0 1e-3
2022 5 30 17 0 1 0e-3
2022 5 31 5 0 0 0e-3
2022 5 31 5 0 1 1e-3
2022 5 31 17 0 0 1e-3
2022 5 31 17 0 1 0e-3
2022 6 1 5 0 0 0e-3
2022 6 1 5 0 1 1e-3
2022 6 1 17 0 0 1e-3
2022 6 1 17 0 1 0e-3
2022 6 2 5 0 0 0e-3
2022 6 2 5 0 1 1e-3
2022 6 2 17 0 0 1e-3
2022 6 2 17 0 1 0e-3
2022 6 3 5 0 0 0e-3
2022 6 3 5 0 1 1e-3
2022 6 3 17 0 0 1e-3
2022 6 3 17 0 1 0e-3
2022 6 4 5 0 0 0e-3
2022 6 4 5 0 1 1e-3
2022 6 4 17 0 0 1e-3
2022 6 4 17 0 1 0e-3
2022 6 5 5 0 0 0e-3
2022 6 5 5 0 1 1e-3
2022 6 5 17 0 0 1e-3
2022 6 5 17 0 1 0e-3
2022 6 6 5 0 0 0e-3
2022 6 6 5 0 1 1e-3
2022 6 6 17 0 0 1e-3
2022 6 6 17 0 1 0e-3
2022 6 7 5 0 0 0e-3
2022 6 7 5 0 1 1e-3
2022 6 7 17 0 0 1e-3
2022 6 7 17 0 1 0e-3
2022 6 8 5 0 0 0e-3
2022 6 8 5 0 1 1e-3
2022 6 8 17 0 0 1e-3
2022 6 8 17 0 1 0e-3
2022 6 9 5 0 0 0e-3
2022 6 9 5 0 1 1e-3
2022 6 9 17 0 0 1e-3
2022 6 9 17 0 1 0e-3
2022 6 10 5 0 0 0e-3
2022 6 10 5 0 1 1e-3
2022 6 10 17 0 0 1e-3
2022 6 10 17 0 1 0e-3
2022 6 11 5 0 0 0e-3
2022 6 11 5 0 1 1e-3
2022 6 11 17 0 0 1e-3
2022 6 11 17 0 1 0e-3
2022 6 12 5 0 0 0e-3
2022 6 12 5 0 1 1e-3
2022 6 12 17 0 0 1e-3
2022 6 12 17 0 1 0e-3
2022 6 13 5 0 0 0e-3
2022 6 13 5 0 1 1e-3
2022 6 13 17 0 0 1e-3
2022 6 13 17 0 1 0e-3
2022 6 14 5 0 0 0e-3
2022 6 14 5 0 1 1e-3
2022 6 14 17 0 0 1e-3
2022 6 14 17 0 1 0e-3
2022 6 15 5 0 0 0e-3
2022 6 15 5 0 1 1e-3
2022 6 15 17 0 0 1e-3
2022 6 15 17 0 1 0e-3
2022 6 16 5 0 0 0e-3
2022 6 16 5 0 1 1e-3
2022 6 16 17 0 0 1e-3
2022 6 16 17 0 1 0e-3
2022 6 17 5 0 0 0e-3
2022 6 17 5 0 1 1e-3
2022 6 17 17 0 0 1e-3
2022 6 17 17 0 1 0e-3
2022 6 18 5 0 0 0e-3
2022 6 18 5 0 1 1e-3
2022 6 18 17 0 0 1e-3
2022 6 18 17 0 1 0e-3
2022 6 19 5 0 0 0e-3
2022 6 19 5 0 1 1e-3
2022 6 19 17 0 0 1e-3
2022 6 19 17 0 1 0e-3
2022 6 20 5 0 0 0e-3
2022 6 20 5 0 1 1e-3
2022 6 20 17 0 0 1e-3
2022 6 20 17 0 1 0e-3
2022 6 21 5 0 0 0e-3
2022 6 21 5 0 1 1e-3
2022 6 21 17 0 0 1e-3
2022 6 21 17 0 1 0e-3
2022 6 22 5 0 0 0e-3
2022 6 22 5 0 1 1e-3
2022 6 22 17 0 0 1e-3
2022 6 22 17 0 1 0e-3
2022 6 23 5 0 0 0e-3
2022 6 23 5 0 1 1e-3
2022 6 23 17 0 0 1e-3
2022 6 23 17 0 1 0e-3
2022 6 24 5 0 0 0e-3
2022 6 24 5 0 1 1e-3
2022 6 24 17 0 0 1e-3
2022 6 24 17 0 1 0e-3
2022 6 25 5 0 0 0e-3
2022 6 25 5 0 1 1e-3
2022 6 25 17 0 0 1e-3
2022 6 25 17 0 1 0e-3
2022 6 26 5 0 0 0e-3
2022 6 26 5 0 1 1e-3
2022 6 26 17 0 0 1e-3
2022 6 26 17 0 1 0e-3
2022 6 27 5 0 0 0e-3
2022 6 27 5 0 1 1e-3
2022 6 27 17 0 0 1e-3
2022 6 27 17 0 1 0e-3
2022 6 28 5 0 0 0e-3
2022 6 28 5 0 1 1e-3
2022 6 28 17 0 0 1e-3
2022 6 28 17 0 1 0e-3
2022 6 29 5 0 0 0e-3
2022 6 29 5 0 1 1e-3
2022 6 29 17 0 0 1e-3
2022 6 29 17 0 1 0e-3
2022 6 30 5 0 0 0e-3
2022 6 30 5 0 1 1e-3
2022 6 30 17 0 0 1e-3
2022 6 30 17 0 1 0e-3
2022 7 1 5 0 0 0e-3
2022 7 1 5 0 1 1e-3
2022 7 1 17 0 0 1e-3
2022 7 1 17 0 1 0e-3
2022 7 2 5 0 0 0e-3
2022 7 2 5 0 1 1e-3
2022 7 2 17 0 0 1e-3
2022 7 2 17 0 1 0e-3
2022 7 3 5 0 0 0e-3
2022 7 3 5 0 1 1e-3
2022 7 3 17 0 0 1e-3
2022 7 3 17 0 1 0e-3
2022 7 4 5 0 0 0e-3
2022 7 4 5 0 1 1e-3
2022 7 4 17 0 0 1e-3
2022 7 4 17 0 1 0e-3
2022 7 5 5 0 0 0e-3
2022 7 5 5 0 1 1e-3
2022 7 5 17 0 0 1e-3
2022 7 5 17 0 1 0e-3
2022 7 6 5 0 0 0e-3
2022 7 6 5 0 1 1e-3
2022 7 6 17 0 0 1e-3
2022 7 6 17 0 1 0e-3
2022 7 7 5 0 0 0e-3
2022 7 7 5 0 1 1e-3
2022 7 7 17 0 0 1e-3
2022 7 7 17 0 1 0e-3
2022 7 8 5 0 0 0e-3
2022 7 8 5 0 1 1e-3
2022 7 8 17 0 0 1e-3
2022 7 8 17 0 1 0e-3
2022 7 9 5 0 0 0e-3
2022 7 9 5 0 1 1e-3
2022 7 9 17 0 0 1e-3
2022 7 9 17 0 1 0e-3
2022 7 10 5 0 0 0e-3
2022 7 10 5 0 1 1e-3
2022 7 10 17 0 0 1e-3
2022 7 10 17 0 1 0e-3
2022 7 11 5 0 0 0e-3
2022 7 11 5 0 1 1e-3
2022 7 11 17 0 0 1e-3
2022 7 11 17 0 1 0e-3
2022 7 12 5 0 0 0e-3
2022 7 12 5 0 1 1e-3
2022 7 12 17 0 0 1e-3
2022 7 12 17 0 1 0e-3
2022 7 13 5 0 0 0e-3
2022 7 13 5 0 1 1e-3
2022 7 13 17 0 0 1e-3
2022 7 13 17 0 1 0e-3
2022 7 14 5 0 0 0e-3
2022 7 14 5 0 1 1e-3
2022 7 14 17 0 0 1e-3
2022 7 14 17 0 1 0e-3
2022 7 15 5 0 0 0e-3
2022 7 15 5 0 1 1e-3
2022 7 15 17 0 0 1e-3
2022 7 15 17 0 1 0e-3
2022 7 16 5 0 0 0e-3
2022 7 16 5 0 1 1e-3
2022 7 16 17 0 0 1e-3
2022 7 16 17 0 1 0e-3
2022 7 17 5 0 0 0e-3
2022 7 17 5 0 1 1e-3
2022 7 17 17 0 0 1e-3
2022 7 17 17 0 1 0e-3
2022 7 18 5 0 0 0e-3
2022 7 18 5 0 1 1e-3
2022 7 18 17 0 0 1e-3
2022 7 18 17 0 1 0e-3
2022 7 19 5 0 0 0e-3
2022 7 19 5 0 1 1e-3
2022 7 19 17 0 0 1e-3
2022 7 19 17 0 1 0e-3
2022 7 20 5 0 0 0e-3
2022 7 20 5 0 1 1e-3
2022 7 20 17 0 0 1e-3
2022 7 20 17 0 1 0e-3
2022 7 21 5 0 0 0e-3
2022 7 21 5 0 1 1e-3
2022 7 21 17 0 0 1e-3
2022 7 21 17 0 1 0e-3
2022 7 22 5 0 0 0e-3
2022 7 22 5 0 1 1e-3
2022 7 22 17 0 0 1e-3
2022 7 22 17 0 1 0e-3
2022 7 23 5 0 0 0e-3
2022 7 23 5 0 1 1e-3
2022 7 23 17 0 0 1e-3
2022 7 23 17 0 1 0e-3
2022 7 24 5 0 0 0e-3
2022 7 24 5 0 1 1e-3
2022 7 24 17 0 0 1e-3
2022 7 24 17 0 1 0e-3
2022 7 25 5 0 0 0e-3
2022 7 25 5 0 1 1e-3
2022 7 25 17 0 0 1e-3
2022 7 25 17 0 1 0e-3
2022 7 26 5 0 0 0e-3
2022 7 26 5 0 1 1e-3
2022 7 26 17 0 0 1e-3
2022 7 26 17 0 1 0e-3
2022 7 27 5 0 0 0e-3
2022 7 27 5 0 1 1e-3
2022 7 27 17 0 0 1e-3
2022 7 27 17 0 1 0e-3
2022 7 28 5 0 0 0e-3
2022 7 28 5 0 1 1e-3
2022 7 28 17 0 0 1e-3
2022 7 28 17 0 1 0e-3
2022 7 29 5 0 0 0e-3
2022 7 29 5 0 1 1e-3
2022 7 29 17 0 0 1e-3
2022 7 29 17 0 1 0e-3
2022 7 30 5 0 0 0e-3
2022 7 30 5 0 1 1e-3
2022 7 30 17 0 0 1e-3
2022 7 30 17 0 1 0e-3
2022 7 31 5 0 0 0e-3
2022 7 31 5 0 1 1e-3
2022 7 31 17 0 0 1e-3
2022 7 31 17 0 1 0e-3
2022 8 1 5 0 0 0e-3
2022 8 1 5 0 1 1e-3
2022 8 1 17 0 0 1e-3
2022 8 1 17 0 1 0e-3
2022 8 2 5 0 0 0e-3
2022 8 2 5 0 1 1e-3
2022 8 2 17 0 0 1e-3
2022 8 2 17 0 1 0e-3
2022 8 3 5 0 0 0e-3
2022 8 3 5 0 1 1e-3
2022 8 3 17 0 0 1e-3
2022 8 3 17 0 1 0e-3
2022 8 4 5 0 0 0e-3
2022 8 4 5 0 1 1e-3
2022 8 4 17 0 0 1e-3
2022 8 4 17 0 1 0e-3
2022 8 5 5 0 0 0e-3
2022 8 5 5 0 1 1e-3
2022 8 5 17 0 0 1e-3
2022 8 5 17 0 1 0e-3
2022 8 6 5 0 0 0e-3
2022 8 6 5 0 1 1e-3
2022 8 6 17 0 0 1e-3
2022 8 6 17 0 1 0e-3
2022 8 7 5 0 0 0e-3
2022 8 7 5 0 1 1e-3
2022 8 7 17 0 0 1e-3
2022 8 7 17 0 1 0e-3
2022 8 8 5 0 0 0e-3
2022 8 8 5 0 1 1e-3
2022 8 8 17 0 0 1e-3
2022 8 8 17 0 1 0e-3
2022 8 9 5 0 0 0e-3
2022 8 9 5 0 1 1e-3
2022 8 9 17 0 0 1e-3
2022 8 9 17 0 1 0e-3
2022 8 10 5 0 0 0e-3
2022 8 10 5 0 1 1e-3
2022 8 10 17 0 0 1e-3
2022 8 10 17 0 1 0e-3
2022 8 11 5 0 0 0e-3
2022 8 11 5 0 1 1e-3
2022 8 11 17 0 0 1e-3
2022 8 11 17 0 1 0e-3
2022 8 12 5 0 0 0e-3
2022 8 12 5 0 1 1e-3
2022 8 12 17 0 0 1e-3
2022 8 12 17 0 1 0e-3
2022 8 13 5 0 0 0e-3
2022 8 13 5 0 1 1e-3
2022 8 13 17 0 0 1e-3
2022 8 13 17 0 1 0e-3
2022 8 14 5 0 0 0e-3
2022 8 14 5 0 1 1e-3
2022 8 14 17 0 0 1e-3
2022 8 14 17 0 1 0e-3
2022 8 15 5 0 0 0e-3
2022 8 15 5 0 1 1e-3
2022 8 15 17 0 0 1e-3
2022 8 15 17 0 1 0e-3
2022 8 16 5 0 0 0e-3
2022 8 16 5 0 1 1e-3
2022 8 16 17 0 0 1e-3
2022 8 16 17 0 1 0e-3
2022 8 17 5 0 0 0e-3
2022 8 17 5 0 1 1e-3
2022 8 17 17 0 0 1e-3
2022 8 17 17 0 1 0e-3
2022 8 18 5 0 0 0e-3
2022 8 18 5 0 1 1e-3
2022 8 18 17 0 0 1e-3
2022 8 18 17 0 1 0e-3
2022 8 19 5 0 0 0e-3
2022 8 19 5 0 1 1e-3
2022 8 19 17 0 0 1e-3
2022 8 19 17 0 1 0e-3
2022 8 20 5 0 0 0e-3
2022 8 20 5 0 1 1e-3
2022 8 20 17 0 0 1e-3
2022 8 20 17 0 1 0e-3
2022 8 21 5 0 0 0e-3
2022 8 21 5 0 1 1e-3
2022 8 21 17 0 0 1e-3
2022 8 21 17 0 1 0e-3
2022 8 22 5 0 0 0e-3
2022 8 22 5 0 1 1e-3
2022 8 22 17 0 0 1e-3
2022 8 22 17 0 1 0e-3
2022 8 23 5 0 0 0e-3
2022 8 23 5 0 1 1e-3
2022 8 23 17 0 0 1e-3
2022 8 23 17 0 1 0e-3
2022 8 24 5 0 0 0e-3
2022 8 24 5 0 1 1e-3
2022 8 24 17 0 0 1e-3
2022 8 24 17 0 1 0e-3
2022 8 25 5 0 0 0e-3
2022 8 25 5 0 1 1e-3
2022 8 25 17 0 0 1e-3
2022 8 25 17 0 1 0e-3
2022 8 26 5 0 0 0e-3
2022 8 26 5 0 1 1e-3
2022 8 26 17 0 0 1e-3
2022 8 26 17 0 1 0e-3
2022 8 27 5 0 0 0e-3
2022 8 27 5 0 1 1e-3
2022 8 27 17 0 0 1e-3
2022 8 27 17 0 1 0e-3
2022 8 28 5 0 0 0e-3
2022 8 28 5 0 1 1e-3
2022 8 28 17 0 0 1e-3
2022 8 28 17 0 1 0e-3
2022 8 29 5 0 0 0e-3
2022 8 29 5 0 1 1e-3
2022 8 29 17 0 0 1e-3
2022 8 29 17 0 1 0e-3
2022 8 30 5 0 0 0e-3
2022 8 30 5 0 1 1e-3
2022 8 30 17 0 0 1e-3
2022 8 30 17 0 1 0e-3
2022 8 31 5 0 0 0e-3
2022 8 31 5 0 1 1e-3
2022 8 31 17 0 0 1e-3
2022 8 31 17 0 1 0e-3
2022 9 1 5 0 0 0e-3
2022 9 1 5 0 1 1e-3
2022 9 1 17 0 0 1e-3
2022 9 1 17 0 1 0e-3
2022 9 2 5 0 0 0e-3
2022 9 2 5 0 1 1e-3
2022 9 2 17 0 0 1e-3
2022 9 2 17 0 1 0e-3
2022 9 3 5 0 0 0e-3
2022 9 3 5 0 1 1e-3
2022 9 3 17 0 0 1e-3
2022 9 3 17 0 1 0e-3
2022 9 4 5 0 0 0e-3
2022 9 4 5 0 1 1e-3
2022 9 4 17 0 0 1e-3
2022 9 4 17 0 1 0e-3
2022 9 5 5 0 0 0e-3
2022 9 5 5 0 1 1e-3
2022 9 5 17 0 0 1e-3
2022 9 5 17 0 1 0e-3
2022 9 6 5 0 0 0e-3
2022 9 6 5 0 1 1e-3
2022 9 6 17 0 0 1e-3
2022 9 6 17 0 1 0e-3
2022 9 7 5 0 0 0e-3
2022 9 7 5 0 1 1e-3
2022 9 7 17 0 0 1e-3
2022 9 7 17 0 1 0e-3
2022 9 8 5 0 0 0e-3
2022 9 8 5 0 1 1e-3
2022 9 8 17 0 0 1e-3
2022 9 8 17 0 1 0e-3
2022 9 9 5 0 0 0e-3
2022 9 9 5 0 1 1e-3
2022 9 9 17 0 0 1e-3
2022 9 9 17 0 1 0e-3
2022 9 10 5 0 0 0e-3
2022 9 10 5 0 1 1e-3
2022 9 10 17 0 0 1e-3
2022 9 10 17 0 1 0e-3
2022 9 11 5 0 0 0e-3
2022 9 11 5 0 1 1e-3
2022 9 11 17 0 0 1e-3
2022 9 11 17 0 1 0e-3
2022 9 12 5 0 0 0e-3
2022 9 12 5 0 1 1e-3
2022 9 12 17 0 0 1e-3
2022 9 12 17 0 1 0e-3
2022 9 13 5 0 0 0e-3
2022 9 13 5 0 1 1e-3
2022 9 13 17 0 0 1e-3
2022 9 13 17 0 1 0e-3
2022 9 14 5 0 0 0e-3
2022 9 14 5 0 1 1e-3
2022 9 14 17 0 0 1e-3
2022 9 14 17 0 1 0e-3
2022 9 15 5 0 0 0e-3
2022 9 15 5 0 1 1e-3
2022 9 15 17 0 0 1e-3
2022 9 15 17 0 1 0e-3
2022 9 16 5 0 0 0e-3
2022 9 16 5 0 1 1e-3
2022 9 16 17 0 0 1e-3
2022 9 16 17 0 1 0e-3
2022 9 17 5 0 0 0e-3
2022 9 17 5 0 1 1e-3
2022 9 17 17 0 0 1e-3
2022 9 17 17 0 1 0e-3
2022 9 18 5 0 0 0e-3
2022 9 18 5 0 1 1e-3
2022 9 18 17 0 0 1e-3
2022 9 18 17 0 1 0e-3
2022 9 19 5 0 0 0e-3
2022 9 19 5 0 1 1e-3
2022 9 19 17 0 0 1e-3
2022 9 19 17 0 1 0e-3
2022 9 20 5 0 0 0e-3
2022 9 20 5 0 1 1e-3
2022 9 20 17 0 0 1e-3
2022 9 20 17 0 1 0e-3
2022 9 21 5 0 0 0e-3
2022 9 21 5 0 1 1e-3
2022 9 21 17 0 0 1e-3
2022 9 21 17 0 1 0e-3
2022 9 22 5 0 0 0e-3
2022 9 22 5 0 1 1e-3
2022 9 22 17 0 0 1e-3
2022 9 22 17 0 1 0e-3
2022 9 23 5 0 0 0e-3
2022 9 23 5 0 1 1e-3
2022 9 23 17 0 0 1e-3
2022 9 23 17 0 1 0e-3
2022 9 24 5 0 0 0e-3
2022 9 24 5 0 1 1e-3
2022 9 24 17 0 0 1e-3
2022 9 24 17 0 1 0e-3
2022 9 25 5 0 0 0e-3
2022 9 25 5 0 1 1e-3
2022 9 25 17 0 0 1e-3
2022 9 25 17 0 1 0e-3
2022 9 26 5 0 0 0e-3
2022 9 26 5 0 1 1e-3
2022 9 26 17 0 0 1e-3
2022 9 26 17 0 1 0e-3
2022 9 27 5 0 0 0e-3
2022 9 27 5 0 1 1e-3
2022 9 27 17 0 0 1e-3
2022 9 27 17 0 1 0e-3
2022 9 28 5 0 0 0e-3
2022 9 28 5 0 1 1e-3
2022 9 28 17 0 0 1e-3
2022 9 28 17 0 1 0e-3
2022 9 29 5 0 0 0e-3
2022 9 29 5 0 1 1e-3
2022 9 29 17 0 0 1e-3
2022 9 29 17 0 1 0e-3
2022 9 30 5 0 0 0e-3
2022 9 30 5 0 1 1e-3
2022 9 30 17 0 0 1e-3
2022 9 30 17 0 1 0e-3
2022 10 1 15 0 0 0e-3
