2022 5 13 2 0 0 0
2022 5 13 2 0 1 1
2022 5 13 3 0 0 1
2022 5 13 3 0 1 0
2022 5 13 4 0 0 0
2022 5 13 4 0 1 1
2022 5 13 5 0 0 1
2022 5 13 5 0 1 0
2022 5 13 8 0 0 0
2022 5 13 8 0 1 1
2022 5 13 9 0 0 1
2022 5 13 9 0 1 0
2022 5 13 12 0 0 0
2022 5 13 12 0 1 1
2022 5 13 13 0 0 1
2022 5 13 13 0 1 0
2022 5 13 16 0 0 0
2022 5 13 16 0 1 1
2022 5 13 17 0 0 1
2022 5 13 17 0 1 0
2022 5 13 20 0 0 0
2022 5 13 20 0 1 1
2022 5 13 21 0 0 1
2022 5 13 21 0 1 0
2022 5 14 0 0 0 0
2022 5 14 0 0 1 1
2022 5 14 1 0 0 1
2022 5 14 1 0 1 0
2022 5 14 4 0 0 0
2022 5 14 4 0 1 1
2022 5 14 5 0 0 1
2022 5 14 5 0 1 0
2022 5 14 8 0 0 0
2022 5 14 8 0 1 1
2022 5 14 9 0 0 1
2022 5 14 9 0 1 0
2022 5 14 12 0 0 0
2022 5 14 12 0 1 1
2022 5 14 13 0 0 1
2022 5 14 13 0 1 0
2022 5 14 16 0 0 0
2022 5 14 16 0 1 1
2022 5 14 17 0 0 1
2022 5 14 17 0 1 0
2022 5 14 20 0 0 0
2022 5 14 20 0 1 1
2022 5 14 21 0 0 1
2022 5 14 21 0 1 0
2022 5 15 0 0 0 0
2022 5 15 0 0 1 1
2022 5 15 1 0 0 1
2022 5 15 1 0 1 0
2022 5 15 4 0 0 0
2022 5 15 4 0 1 1
2022 5 15 5 0 0 1
2022 5 15 5 0 1 0
2022 5 15 8 0 0 0
2022 5 15 8 0 1 1
2022 5 15 9 0 0 1
2022 5 15 9 0 1 0
2022 5 15 12 0 0 0
2022 5 15 12 0 1 1
2022 5 15 13 0 0 1
2022 5 15 13 0 1 0
2022 5 15 16 0 0 0
2022 5 15 16 0 1 1
2022 5 15 17 0 0 1
2022 5 15 17 0 1 0
2022 5 15 20 0 0 0
2022 5 15 20 0 1 1
2022 5 15 21 0 0 1
2022 5 15 21 0 1 0
2022 5 16 0 0 0 0
2022 5 16 0 0 1 1
2022 5 16 1 0 0 1
2022 5 16 1 0 1 0
2022 5 16 4 0 0 0
2022 5 16 4 0 1 1
2022 5 16 5 0 0 1
2022 5 16 5 0 1 0
2022 5 16 8 0 0 0
2022 5 16 8 0 1 1
2022 5 16 9 0 0 1
2022 5 16 9 0 1 0
2022 5 16 12 0 0 0
2022 5 16 12 0 1 1
2022 5 16 13 0 0 1
2022 5 16 13 0 1 0
2022 5 16 16 0 0 0
2022 5 16 16 0 1 1
2022 5 16 17 0 0 1
2022 5 16 17 0 1 0
2022 5 16 20 0 0 0
2022 5 16 20 0 1 1
2022 5 16 21 0 0 1
2022 5 16 21 0 1 0
2022 5 17 0 0 0 0
2022 5 17 0 0 1 1
2022 5 17 1 0 0 1
2022 5 17 1 0 1 0
2022 5 17 4 0 0 0
2022 5 17 4 0 1 1
2022 5 17 5 0 0 1
2022 5 17 5 0 1 0
2022 5 17 8 0 0 0
2022 5 17 8 0 1 1
2022 5 17 9 0 0 1
2022 5 17 9 0 1 0
2022 5 17 12 0 0 0
2022 5 17 12 0 1 1
2022 5 17 13 0 0 1
2022 5 17 13 0 1 0
2022 5 17 16 0 0 0
2022 5 17 16 0 1 1
2022 5 17 17 0 0 1
2022 5 17 17 0 1 0
2022 5 17 20 0 0 0
2022 5 17 20 0 1 1
2022 5 17 21 0 0 1
2022 5 17 21 0 1 0
2022 5 18 0 0 0 0
2022 5 18 0 0 1 1
2022 5 18 1 0 0 1
2022 5 18 1 0 1 0
2022 5 18 4 0 0 0
2022 5 18 4 0 1 1
2022 5 18 5 0 0 1
2022 5 18 5 0 1 0
2022 5 18 8 0 0 0
2022 5 18 8 0 1 1
2022 5 18 9 0 0 1
2022 5 18 9 0 1 0
2022 5 18 12 0 0 0
2022 5 18 12 0 1 1
2022 5 18 13 0 0 1
2022 5 18 13 0 1 0
2022 5 18 16 0 0 0
2022 5 18 16 0 1 1
2022 5 18 17 0 0 1
2022 5 18 17 0 1 0
2022 5 18 20 0 0 0
2022 5 18 20 0 1 1
2022 5 18 21 0 0 1
2022 5 18 21 0 1 0
2022 5 19 0 0 0 0
2022 5 19 0 0 1 1
2022 5 19 1 0 0 1
2022 5 19 1 0 1 0
2022 5 19 4 0 0 0
2022 5 19 4 0 1 1
2022 5 19 5 0 0 1
2022 5 19 5 0 1 0
2022 5 19 8 0 0 0
2022 5 19 8 0 1 1
2022 5 19 9 0 0 1
2022 5 19 9 0 1 0
2022 5 19 12 0 0 0
2022 5 19 12 0 1 1
2022 5 19 13 0 0 1
2022 5 19 13 0 1 0
2022 5 19 16 0 0 0
2022 5 19 16 0 1 1
2022 5 19 17 0 0 1
2022 5 19 17 0 1 0
2022 5 19 20 0 0 0
2022 5 19 20 0 1 1
2022 5 19 21 0 0 1
2022 5 19 21 0 1 0
2022 5 20 0 0 0 0
2022 5 20 0 0 1 1
2022 5 20 1 0 0 1
2022 5 20 1 0 1 0
2022 5 20 4 0 0 0
2022 5 20 4 0 1 1
2022 5 20 5 0 0 1
2022 5 20 5 0 1 0
2022 5 20 8 0 0 0
2022 5 20 8 0 1 1
2022 5 20 9 0 0 1
2022 5 20 9 0 1 0
2022 5 20 12 0 0 0
2022 5 20 12 0 1 1
2022 5 20 13 0 0 1
2022 5 20 13 0 1 0
2022 5 20 16 0 0 0
2022 5 20 16 0 1 1
2022 5 20 17 0 0 1
2022 5 20 17 0 1 0
2022 5 20 20 0 0 0
2022 5 20 20 0 1 1
2022 5 20 21 0 0 1
2022 5 20 21 0 1 0
2022 5 21 0 0 0 0
2022 5 21 0 0 1 1
2022 5 21 1 0 0 1
2022 5 21 1 0 1 0
2022 5 21 4 0 0 0
2022 5 21 4 0 1 1
2022 5 21 5 0 0 1
2022 5 21 5 0 1 0
2022 5 21 8 0 0 0
2022 5 21 8 0 1 1
2022 5 21 9 0 0 1
2022 5 21 9 0 1 0
2022 5 21 12 0 0 0
2022 5 21 12 0 1 1
2022 5 21 13 0 0 1
2022 5 21 13 0 1 0
2022 5 21 16 0 0 0
2022 5 21 16 0 1 1
2022 5 21 17 0 0 1
2022 5 21 17 0 1 0
2022 5 21 20 0 0 0
2022 5 21 20 0 1 1
2022 5 21 21 0 0 1
2022 5 21 21 0 1 0
2022 5 22 0 0 0 0
2022 5 22 0 0 1 1
2022 5 22 1 0 0 1
2022 5 22 1 0 1 0
2022 5 22 4 0 0 0
2022 5 22 4 0 1 1
2022 5 22 5 0 0 1
2022 5 22 5 0 1 0
2022 5 22 8 0 0 0
2022 5 22 8 0 1 1
2022 5 22 9 0 0 1
2022 5 22 9 0 1 0
2022 5 22 12 0 0 0
2022 5 22 12 0 1 1
2022 5 22 13 0 0 1
2022 5 22 13 0 1 0
2022 5 22 16 0 0 0
2022 5 22 16 0 1 1
2022 5 22 17 0 0 1
2022 5 22 17 0 1 0
2022 5 22 20 0 0 0
2022 5 22 20 0 1 1
2022 5 22 21 0 0 1
2022 5 22 21 0 1 0
2022 5 23 0 0 0 0
2022 5 23 0 0 1 1
2022 5 23 1 0 0 1
2022 5 23 1 0 1 0
2022 5 23 4 0 0 0
2022 5 23 4 0 1 1
2022 5 23 5 0 0 1
2022 5 23 5 0 1 0
2022 5 23 8 0 0 0
2022 5 23 8 0 1 1
2022 5 23 9 0 0 1
2022 5 23 9 0 1 0
2022 5 23 12 0 0 0
2022 5 23 12 0 1 1
2022 5 23 13 0 0 1
2022 5 23 13 0 1 0
2022 5 23 16 0 0 0
2022 5 23 16 0 1 1
2022 5 23 17 0 0 1
2022 5 23 17 0 1 0
2022 5 23 20 0 0 0
2022 5 23 20 0 1 1
2022 5 23 21 0 0 1
2022 5 23 21 0 1 0
2022 5 24 0 0 0 0
2022 5 24 0 0 1 1
2022 5 24 1 0 0 1
2022 5 24 1 0 1 0
2022 5 24 4 0 0 0
2022 5 24 4 0 1 1
2022 5 24 5 0 0 1
2022 5 24 5 0 1 0
2022 5 24 8 0 0 0
2022 5 24 8 0 1 1
2022 5 24 9 0 0 1
2022 5 24 9 0 1 0
2022 5 24 12 0 0 0
2022 5 24 12 0 1 1
2022 5 24 13 0 0 1
2022 5 24 13 0 1 0
2022 5 24 16 0 0 0
2022 5 24 16 0 1 1
2022 5 24 17 0 0 1
2022 5 24 17 0 1 0
2022 5 24 20 0 0 0
2022 5 24 20 0 1 1
2022 5 24 21 0 0 1
2022 5 24 21 0 1 0
2022 5 25 0 0 0 0
2022 5 25 0 0 1 1
2022 5 25 1 0 0 1
2022 5 25 1 0 1 0
2022 5 25 4 0 0 0
2022 5 25 4 0 1 1
2022 5 25 5 0 0 1
2022 5 25 5 0 1 0
2022 5 25 8 0 0 0
2022 5 25 8 0 1 1
2022 5 25 9 0 0 1
2022 5 25 9 0 1 0
2022 5 25 12 0 0 0
2022 5 25 12 0 1 1
2022 5 25 13 0 0 1
2022 5 25 13 0 1 0
2022 5 25 16 0 0 0
2022 5 25 16 0 1 1
2022 5 25 17 0 0 1
2022 5 25 17 0 1 0
2022 5 25 20 0 0 0
2022 5 25 20 0 1 1
2022 5 25 21 0 0 1
2022 5 25 21 0 1 0
2022 5 26 0 0 0 0
2022 5 26 0 0 1 1
2022 5 26 1 0 0 1
2022 5 26 1 0 1 0
2022 5 26 4 0 0 0
2022 5 26 4 0 1 1
2022 5 26 5 0 0 1
2022 5 26 5 0 1 0
2022 5 26 8 0 0 0
2022 5 26 8 0 1 1
2022 5 26 9 0 0 1
2022 5 26 9 0 1 0
2022 5 26 12 0 0 0
2022 5 26 12 0 1 1
2022 5 26 13 0 0 1
2022 5 26 13 0 1 0
2022 5 26 16 0 0 0
2022 5 26 16 0 1 1
2022 5 26 17 0 0 1
2022 5 26 17 0 1 0
2022 5 26 20 0 0 0
2022 5 26 20 0 1 1
2022 5 26 21 0 0 1
2022 5 26 21 0 1 0
2022 5 27 0 0 0 0
2022 5 27 0 0 1 1
2022 5 27 1 0 0 1
2022 5 27 1 0 1 0
2022 5 27 4 0 0 0
2022 5 27 4 0 1 1
2022 5 27 5 0 0 1
2022 5 27 5 0 1 0
2022 5 27 8 0 0 0
2022 5 27 8 0 1 1
2022 5 27 9 0 0 1
2022 5 27 9 0 1 0
2022 5 27 12 0 0 0
2022 5 27 12 0 1 1
2022 5 27 13 0 0 1
2022 5 27 13 0 1 0
2022 5 27 16 0 0 0
2022 5 27 16 0 1 1
2022 5 27 17 0 0 1
2022 5 27 17 0 1 0
2022 5 27 20 0 0 0
2022 5 27 20 0 1 1
2022 5 27 21 0 0 1
2022 5 27 21 0 1 0
2022 5 28 0 0 0 0
2022 5 28 0 0 1 1
2022 5 28 1 0 0 1
2022 5 28 1 0 1 0
2022 5 28 4 0 0 0
2022 5 28 4 0 1 1
2022 5 28 5 0 0 1
2022 5 28 5 0 1 0
2022 5 28 8 0 0 0
2022 5 28 8 0 1 1
2022 5 28 9 0 0 1
2022 5 28 9 0 1 0
2022 5 28 12 0 0 0
2022 5 28 12 0 1 1
2022 5 28 13 0 0 1
2022 5 28 13 0 1 0
2022 5 28 16 0 0 0
2022 5 28 16 0 1 1
2022 5 28 17 0 0 1
2022 5 28 17 0 1 0
2022 5 28 20 0 0 0
2022 5 28 20 0 1 1
2022 5 28 21 0 0 1
2022 5 28 21 0 1 0
2022 5 29 0 0 0 0
2022 5 29 0 0 1 1
2022 5 29 1 0 0 1
2022 5 29 1 0 1 0
2022 5 29 4 0 0 0
2022 5 29 4 0 1 1
2022 5 29 5 0 0 1
2022 5 29 5 0 1 0
2022 5 29 8 0 0 0
2022 5 29 8 0 1 1
2022 5 29 9 0 0 1
2022 5 29 9 0 1 0
2022 5 29 12 0 0 0
2022 5 29 12 0 1 1
2022 5 29 13 0 0 1
2022 5 29 13 0 1 0
2022 5 29 16 0 0 0
2022 5 29 16 0 1 1
2022 5 29 17 0 0 1
2022 5 29 17 0 1 0
2022 5 29 20 0 0 0
2022 5 29 20 0 1 1
2022 5 29 21 0 0 1
2022 5 29 21 0 1 0
2022 5 30 0 0 0 0
2022 5 30 0 0 1 1
2022 5 30 1 0 0 1
2022 5 30 1 0 1 0
2022 5 30 4 0 0 0
2022 5 30 4 0 1 1
2022 5 30 5 0 0 1
2022 5 30 5 0 1 0
2022 5 30 8 0 0 0
2022 5 30 8 0 1 1
2022 5 30 9 0 0 1
2022 5 30 9 0 1 0
2022 5 30 12 0 0 0
2022 5 30 12 0 1 1
2022 5 30 13 0 0 1
2022 5 30 13 0 1 0
2022 5 30 16 0 0 0
2022 5 30 16 0 1 1
2022 5 30 17 0 0 1
2022 5 30 17 0 1 0
2022 5 30 20 0 0 0
2022 5 30 20 0 1 1
2022 5 30 21 0 0 1
2022 5 30 21 0 1 0
2022 5 31 0 0 0 0
2022 5 31 0 0 1 1
2022 5 31 1 0 0 1
2022 5 31 1 0 1 0
2022 5 31 4 0 0 0
2022 5 31 4 0 1 1
2022 5 31 5 0 0 1
2022 5 31 5 0 1 0
2022 5 31 8 0 0 0
2022 5 31 8 0 1 1
2022 5 31 9 0 0 1
2022 5 31 9 0 1 0
2022 5 31 12 0 0 0
2022 5 31 12 0 1 1
2022 5 31 13 0 0 1
2022 5 31 13 0 1 0
2022 5 31 16 0 0 0
2022 5 31 16 0 1 1
2022 5 31 17 0 0 1
2022 5 31 17 0 1 0
2022 5 31 20 0 0 0
2022 5 31 20 0 1 1
2022 5 31 21 0 0 1
2022 5 31 21 0 1 0
2022 6 1 0 0 0 0
2022 6 1 0 0 1 1
2022 6 1 1 0 0 1
2022 6 1 1 0 1 0
2022 6 1 4 0 0 0
2022 6 1 4 0 1 1
2022 6 1 5 0 0 1
2022 6 1 5 0 1 0
2022 6 1 8 0 0 0
2022 6 1 8 0 1 1
2022 6 1 9 0 0 1
2022 6 1 9 0 1 0
2022 6 1 12 0 0 0
2022 6 1 12 0 1 1
2022 6 1 13 0 0 1
2022 6 1 13 0 1 0
2022 6 1 16 0 0 0
2022 6 1 16 0 1 1
2022 6 1 17 0 0 1
2022 6 1 17 0 1 0
2022 6 1 20 0 0 0
2022 6 1 20 0 1 1
2022 6 1 21 0 0 1
2022 6 1 21 0 1 0
2022 6 2 0 0 0 0
2022 6 2 0 0 1 1
2022 6 2 1 0 0 1
2022 6 2 1 0 1 0
2022 6 2 4 0 0 0
2022 6 2 4 0 1 1
2022 6 2 5 0 0 1
2022 6 2 5 0 1 0
2022 6 2 8 0 0 0
2022 6 2 8 0 1 1
2022 6 2 9 0 0 1
2022 6 2 9 0 1 0
2022 6 2 12 0 0 0
2022 6 2 12 0 1 1
2022 6 2 13 0 0 1
2022 6 2 13 0 1 0
2022 6 2 16 0 0 0
2022 6 2 16 0 1 1
2022 6 2 17 0 0 1
2022 6 2 17 0 1 0
2022 6 2 20 0 0 0
2022 6 2 20 0 1 1
2022 6 2 21 0 0 1
2022 6 2 21 0 1 0
2022 6 3 0 0 0 0
2022 6 3 0 0 1 1
2022 6 3 1 0 0 1
2022 6 3 1 0 1 0
2022 6 3 4 0 0 0
2022 6 3 4 0 1 1
2022 6 3 5 0 0 1
2022 6 3 5 0 1 0
2022 6 3 8 0 0 0
2022 6 3 8 0 1 1
2022 6 3 9 0 0 1
2022 6 3 9 0 1 0
2022 6 3 12 0 0 0
2022 6 3 12 0 1 1
2022 6 3 13 0 0 1
2022 6 3 13 0 1 0
2022 6 3 16 0 0 0
2022 6 3 16 0 1 1
2022 6 3 17 0 0 1
2022 6 3 17 0 1 0
2022 6 3 20 0 0 0
2022 6 3 20 0 1 1
2022 6 3 21 0 0 1
2022 6 3 21 0 1 0
2022 6 4 0 0 0 0
2022 6 4 0 0 1 1
2022 6 4 1 0 0 1
2022 6 4 1 0 1 0
2022 6 4 4 0 0 0
2022 6 4 4 0 1 1
2022 6 4 5 0 0 1
2022 6 4 5 0 1 0
2022 6 4 8 0 0 0
2022 6 4 8 0 1 1
2022 6 4 9 0 0 1
2022 6 4 9 0 1 0
2022 6 4 12 0 0 0
2022 6 4 12 0 1 1
2022 6 4 13 0 0 1
2022 6 4 13 0 1 0
2022 6 4 16 0 0 0
2022 6 4 16 0 1 1
2022 6 4 17 0 0 1
2022 6 4 17 0 1 0
2022 6 4 20 0 0 0
2022 6 4 20 0 1 1
2022 6 4 21 0 0 1
2022 6 4 21 0 1 0
2022 6 5 0 0 0 0
2022 6 5 0 0 1 1
2022 6 5 1 0 0 1
2022 6 5 1 0 1 0
2022 6 5 4 0 0 0
2022 6 5 4 0 1 1
2022 6 5 5 0 0 1
2022 6 5 5 0 1 0
2022 6 5 8 0 0 0
2022 6 5 8 0 1 1
2022 6 5 9 0 0 1
2022 6 5 9 0 1 0
2022 6 5 12 0 0 0
2022 6 5 12 0 1 1
2022 6 5 13 0 0 1
2022 6 5 13 0 1 0
2022 6 5 16 0 0 0
2022 6 5 16 0 1 1
2022 6 5 17 0 0 1
2022 6 5 17 0 1 0
2022 6 5 20 0 0 0
2022 6 5 20 0 1 1
2022 6 5 21 0 0 1
2022 6 5 21 0 1 0
2022 6 6 0 0 0 0
2022 6 6 0 0 1 1
2022 6 6 1 0 0 1
2022 6 6 1 0 1 0
2022 6 6 4 0 0 0
2022 6 6 4 0 1 1
2022 6 6 5 0 0 1
2022 6 6 5 0 1 0
2022 6 6 8 0 0 0
2022 6 6 8 0 1 1
2022 6 6 9 0 0 1
2022 6 6 9 0 1 0
2022 6 6 12 0 0 0
2022 6 6 12 0 1 1
2022 6 6 13 0 0 1
2022 6 6 13 0 1 0
2022 6 6 16 0 0 0
2022 6 6 16 0 1 1
2022 6 6 17 0 0 1
2022 6 6 17 0 1 0
2022 6 6 20 0 0 0
2022 6 6 20 0 1 1
2022 6 6 21 0 0 1
2022 6 6 21 0 1 0
2022 6 7 0 0 0 0
2022 6 7 0 0 1 1
2022 6 7 1 0 0 1
2022 6 7 1 0 1 0
2022 6 7 4 0 0 0
2022 6 7 4 0 1 1
2022 6 7 5 0 0 1
2022 6 7 5 0 1 0
2022 6 7 8 0 0 0
2022 6 7 8 0 1 1
2022 6 7 9 0 0 1
2022 6 7 9 0 1 0
2022 6 7 12 0 0 0
2022 6 7 12 0 1 1
2022 6 7 13 0 0 1
2022 6 7 13 0 1 0
2022 6 7 16 0 0 0
2022 6 7 16 0 1 1
2022 6 7 17 0 0 1
2022 6 7 17 0 1 0
2022 6 7 20 0 0 0
2022 6 7 20 0 1 1
2022 6 7 21 0 0 1
2022 6 7 21 0 1 0
2022 6 8 0 0 0 0
2022 6 8 0 0 1 1
2022 6 8 1 0 0 1
2022 6 8 1 0 1 0
2022 6 8 4 0 0 0
2022 6 8 4 0 1 1
2022 6 8 5 0 0 1
2022 6 8 5 0 1 0
2022 6 8 8 0 0 0
2022 6 8 8 0 1 1
2022 6 8 9 0 0 1
2022 6 8 9 0 1 0
2022 6 8 12 0 0 0
2022 6 8 12 0 1 1
2022 6 8 13 0 0 1
2022 6 8 13 0 1 0
2022 6 8 16 0 0 0
2022 6 8 16 0 1 1
2022 6 8 17 0 0 1
2022 6 8 17 0 1 0
2022 6 8 20 0 0 0
2022 6 8 20 0 1 1
2022 6 8 21 0 0 1
2022 6 8 21 0 1 0
2022 6 9 0 0 0 0
2022 6 9 0 0 1 1
2022 6 9 1 0 0 1
2022 6 9 1 0 1 0
2022 6 9 4 0 0 0
2022 6 9 4 0 1 1
2022 6 9 5 0 0 1
2022 6 9 5 0 1 0
2022 6 9 8 0 0 0
2022 6 9 8 0 1 1
2022 6 9 9 0 0 1
2022 6 9 9 0 1 0
2022 6 9 12 0 0 0
2022 6 9 12 0 1 1
2022 6 9 13 0 0 1
2022 6 9 13 0 1 0
2022 6 9 16 0 0 0
2022 6 9 16 0 1 1
2022 6 9 17 0 0 1
2022 6 9 17 0 1 0
2022 6 9 20 0 0 0
2022 6 9 20 0 1 1
2022 6 9 21 0 0 1
2022 6 9 21 0 1 0
2022 6 10 0 0 0 0
2022 6 10 0 0 1 1
2022 6 10 1 0 0 1
2022 6 10 1 0 1 0
2022 6 10 4 0 0 0
2022 6 10 4 0 1 1
2022 6 10 5 0 0 1
2022 6 10 5 0 1 0
2022 6 10 8 0 0 0
2022 6 10 8 0 1 1
2022 6 10 9 0 0 1
2022 6 10 9 0 1 0
2022 6 10 12 0 0 0
2022 6 10 12 0 1 1
2022 6 10 13 0 0 1
2022 6 10 13 0 1 0
2022 6 10 16 0 0 0
2022 6 10 16 0 1 1
2022 6 10 17 0 0 1
2022 6 10 17 0 1 0
2022 6 10 20 0 0 0
2022 6 10 20 0 1 1
2022 6 10 21 0 0 1
2022 6 10 21 0 1 0
2022 6 11 0 0 0 0
2022 6 11 0 0 1 1
2022 6 11 1 0 0 1
2022 6 11 1 0 1 0
2022 6 11 4 0 0 0
2022 6 11 4 0 1 1
2022 6 11 5 0 0 1
2022 6 11 5 0 1 0
2022 6 11 8 0 0 0
2022 6 11 8 0 1 1
2022 6 11 9 0 0 1
2022 6 11 9 0 1 0
2022 6 11 12 0 0 0
2022 6 11 12 0 1 1
2022 6 11 13 0 0 1
2022 6 11 13 0 1 0
2022 6 11 16 0 0 0
2022 6 11 16 0 1 1
2022 6 11 17 0 0 1
2022 6 11 17 0 1 0
2022 6 11 20 0 0 0
2022 6 11 20 0 1 1
2022 6 11 21 0 0 1
2022 6 11 21 0 1 0
2022 6 12 0 0 0 0
2022 6 12 0 0 1 1
2022 6 12 1 0 0 1
2022 6 12 1 0 1 0
2022 6 12 4 0 0 0
2022 6 12 4 0 1 1
2022 6 12 5 0 0 1
2022 6 12 5 0 1 0
2022 6 12 8 0 0 0
2022 6 12 8 0 1 1
2022 6 12 9 0 0 1
2022 6 12 9 0 1 0
2022 6 12 12 0 0 0
2022 6 12 12 0 1 1
2022 6 12 13 0 0 1
2022 6 12 13 0 1 0
2022 6 12 16 0 0 0
2022 6 12 16 0 1 1
2022 6 12 17 0 0 1
2022 6 12 17 0 1 0
2022 6 12 20 0 0 0
2022 6 12 20 0 1 1
2022 6 12 21 0 0 1
2022 6 12 21 0 1 0
2022 6 13 0 0 0 0
2022 6 13 0 0 1 1
2022 6 13 1 0 0 1
2022 6 13 1 0 1 0
2022 6 13 4 0 0 0
2022 6 13 4 0 1 1
2022 6 13 5 0 0 1
2022 6 13 5 0 1 0
2022 6 13 8 0 0 0
2022 6 13 8 0 1 1
2022 6 13 9 0 0 1
2022 6 13 9 0 1 0
2022 6 13 12 0 0 0
2022 6 13 12 0 1 1
2022 6 13 13 0 0 1
2022 6 13 13 0 1 0
2022 6 13 16 0 0 0
2022 6 13 16 0 1 1
2022 6 13 17 0 0 1
2022 6 13 17 0 1 0
2022 6 13 20 0 0 0
2022 6 13 20 0 1 1
2022 6 13 21 0 0 1
2022 6 13 21 0 1 0
2022 6 14 0 0 0 0
2022 6 14 0 0 1 1
2022 6 14 1 0 0 1
2022 6 14 1 0 1 0
2022 6 14 4 0 0 0
2022 6 14 4 0 1 1
2022 6 14 5 0 0 1
2022 6 14 5 0 1 0
2022 6 14 8 0 0 0
2022 6 14 8 0 1 1
2022 6 14 9 0 0 1
2022 6 14 9 0 1 0
2022 6 14 12 0 0 0
2022 6 14 12 0 1 1
2022 6 14 13 0 0 1
2022 6 14 13 0 1 0
2022 6 14 16 0 0 0
2022 6 14 16 0 1 1
2022 6 14 17 0 0 1
2022 6 14 17 0 1 0
2022 6 14 20 0 0 0
2022 6 14 20 0 1 1
2022 6 14 21 0 0 1
2022 6 14 21 0 1 0
2022 6 15 0 0 0 0
2022 6 15 0 0 1 1
2022 6 15 1 0 0 1
2022 6 15 1 0 1 0
2022 6 15 4 0 0 0
2022 6 15 4 0 1 1
2022 6 15 5 0 0 1
2022 6 15 5 0 1 0
2022 6 15 8 0 0 0
2022 6 15 8 0 1 1
2022 6 15 9 0 0 1
2022 6 15 9 0 1 0
2022 6 15 12 0 0 0
2022 6 15 12 0 1 1
2022 6 15 13 0 0 1
2022 6 15 13 0 1 0
2022 6 15 16 0 0 0
2022 6 15 16 0 1 1
2022 6 15 17 0 0 1
2022 6 15 17 0 1 0
2022 6 15 20 0 0 0
2022 6 15 20 0 1 1
2022 6 15 21 0 0 1
2022 6 15 21 0 1 0
2022 6 16 0 0 0 0
2022 6 16 0 0 1 1
2022 6 16 1 0 0 1
2022 6 16 1 0 1 0
2022 6 16 4 0 0 0
2022 6 16 4 0 1 1
2022 6 16 5 0 0 1
2022 6 16 5 0 1 0
2022 6 16 8 0 0 0
2022 6 16 8 0 1 1
2022 6 16 9 0 0 1
2022 6 16 9 0 1 0
2022 6 16 12 0 0 0
2022 6 16 12 0 1 1
2022 6 16 13 0 0 1
2022 6 16 13 0 1 0
2022 6 16 16 0 0 0
2022 6 16 16 0 1 1
2022 6 16 17 0 0 1
2022 6 16 17 0 1 0
2022 6 16 20 0 0 0
2022 6 16 20 0 1 1
2022 6 16 21 0 0 1
2022 6 16 21 0 1 0
2022 6 17 0 0 0 0
2022 6 17 0 0 1 1
2022 6 17 1 0 0 1
2022 6 17 1 0 1 0
2022 6 17 4 0 0 0
2022 6 17 4 0 1 1
2022 6 17 5 0 0 1
2022 6 17 5 0 1 0
2022 6 17 8 0 0 0
2022 6 17 8 0 1 1
2022 6 17 9 0 0 1
2022 6 17 9 0 1 0
2022 6 17 12 0 0 0
2022 6 17 12 0 1 1
2022 6 17 13 0 0 1
2022 6 17 13 0 1 0
2022 6 17 16 0 0 0
2022 6 17 16 0 1 1
2022 6 17 17 0 0 1
2022 6 17 17 0 1 0
2022 6 17 20 0 0 0
2022 6 17 20 0 1 1
2022 6 17 21 0 0 1
2022 6 17 21 0 1 0
2022 6 18 0 0 0 0
2022 6 18 0 0 1 1
2022 6 18 1 0 0 1
2022 6 18 1 0 1 0
2022 6 18 4 0 0 0
2022 6 18 4 0 1 1
2022 6 18 5 0 0 1
2022 6 18 5 0 1 0
2022 6 18 8 0 0 0
2022 6 18 8 0 1 1
2022 6 18 9 0 0 1
2022 6 18 9 0 1 0
2022 6 18 12 0 0 0
2022 6 18 12 0 1 1
2022 6 18 13 0 0 1
2022 6 18 13 0 1 0
2022 6 18 16 0 0 0
2022 6 18 16 0 1 1
2022 6 18 17 0 0 1
2022 6 18 17 0 1 0
2022 6 18 20 0 0 0
2022 6 18 20 0 1 1
2022 6 18 21 0 0 1
2022 6 18 21 0 1 0
2022 6 19 0 0 0 0
2022 6 19 0 0 1 1
2022 6 19 1 0 0 1
2022 6 19 1 0 1 0
2022 6 19 4 0 0 0
2022 6 19 4 0 1 1
2022 6 19 5 0 0 1
2022 6 19 5 0 1 0
2022 6 19 8 0 0 0
2022 6 19 8 0 1 1
2022 6 19 9 0 0 1
2022 6 19 9 0 1 0
2022 6 19 12 0 0 0
2022 6 19 12 0 1 1
2022 6 19 13 0 0 1
2022 6 19 13 0 1 0
2022 6 19 16 0 0 0
2022 6 19 16 0 1 1
2022 6 19 17 0 0 1
2022 6 19 17 0 1 0
2022 6 19 20 0 0 0
2022 6 19 20 0 1 1
2022 6 19 21 0 0 1
2022 6 19 21 0 1 0
2022 6 20 0 0 0 0
2022 6 20 0 0 1 1
2022 6 20 1 0 0 1
2022 6 20 1 0 1 0
2022 6 20 4 0 0 0
2022 6 20 4 0 1 1
2022 6 20 5 0 0 1
2022 6 20 5 0 1 0
2022 6 20 8 0 0 0
2022 6 20 8 0 1 1
2022 6 20 9 0 0 1
2022 6 20 9 0 1 0
2022 6 20 12 0 0 0
2022 6 20 12 0 1 1
2022 6 20 13 0 0 1
2022 6 20 13 0 1 0
2022 6 20 16 0 0 0
2022 6 20 16 0 1 1
2022 6 20 17 0 0 1
2022 6 20 17 0 1 0
2022 6 20 20 0 0 0
2022 6 20 20 0 1 1
2022 6 20 21 0 0 1
2022 6 20 21 0 1 0
2022 6 21 0 0 0 0
2022 6 21 0 0 1 1
2022 6 21 1 0 0 1
2022 6 21 1 0 1 0
2022 6 21 4 0 0 0
2022 6 21 4 0 1 1
2022 6 21 5 0 0 1
2022 6 21 5 0 1 0
2022 6 21 8 0 0 0
2022 6 21 8 0 1 1
2022 6 21 9 0 0 1
2022 6 21 9 0 1 0
2022 6 21 12 0 0 0
2022 6 21 12 0 1 1
2022 6 21 13 0 0 1
2022 6 21 13 0 1 0
2022 6 21 16 0 0 0
2022 6 21 16 0 1 1
2022 6 21 17 0 0 1
2022 6 21 17 0 1 0
2022 6 21 20 0 0 0
2022 6 21 20 0 1 1
2022 6 21 21 0 0 1
2022 6 21 21 0 1 0
2022 6 22 0 0 0 0
2022 6 22 0 0 1 1
2022 6 22 1 0 0 1
2022 6 22 1 0 1 0
2022 6 22 4 0 0 0
2022 6 22 4 0 1 1
2022 6 22 5 0 0 1
2022 6 22 5 0 1 0
2022 6 22 8 0 0 0
2022 6 22 8 0 1 1
2022 6 22 9 0 0 1
2022 6 22 9 0 1 0
2022 6 22 12 0 0 0
2022 6 22 12 0 1 1
2022 6 22 13 0 0 1
2022 6 22 13 0 1 0
2022 6 22 16 0 0 0
2022 6 22 16 0 1 1
2022 6 22 17 0 0 1
2022 6 22 17 0 1 0
2022 6 22 20 0 0 0
2022 6 22 20 0 1 1
2022 6 22 21 0 0 1
2022 6 22 21 0 1 0
2022 6 23 0 0 0 0
2022 6 23 0 0 1 1
2022 6 23 1 0 0 1
2022 6 23 1 0 1 0
2022 6 23 4 0 0 0
2022 6 23 4 0 1 1
2022 6 23 5 0 0 1
2022 6 23 5 0 1 0
2022 6 23 8 0 0 0
2022 6 23 8 0 1 1
2022 6 23 9 0 0 1
2022 6 23 9 0 1 0
2022 6 23 12 0 0 0
2022 6 23 12 0 1 1
2022 6 23 13 0 0 1
2022 6 23 13 0 1 0
2022 6 23 16 0 0 0
2022 6 23 16 0 1 1
2022 6 23 17 0 0 1
2022 6 23 17 0 1 0
2022 6 23 20 0 0 0
2022 6 23 20 0 1 1
2022 6 23 21 0 0 1
2022 6 23 21 0 1 0
2022 6 24 0 0 0 0
2022 6 24 0 0 1 1
2022 6 24 1 0 0 1
2022 6 24 1 0 1 0
2022 6 24 4 0 0 0
2022 6 24 4 0 1 1
2022 6 24 5 0 0 1
2022 6 24 5 0 1 0
2022 6 24 8 0 0 0
2022 6 24 8 0 1 1
2022 6 24 9 0 0 1
2022 6 24 9 0 1 0
2022 6 24 12 0 0 0
2022 6 24 12 0 1 1
2022 6 24 13 0 0 1
2022 6 24 13 0 1 0
2022 6 24 16 0 0 0
2022 6 24 16 0 1 1
2022 6 24 17 0 0 1
2022 6 24 17 0 1 0
2022 6 24 20 0 0 0
2022 6 24 20 0 1 1
2022 6 24 21 0 0 1
2022 6 24 21 0 1 0
2022 6 25 0 0 0 0
2022 6 25 0 0 1 1
2022 6 25 1 0 0 1
2022 6 25 1 0 1 0
2022 6 25 4 0 0 0
2022 6 25 4 0 1 1
2022 6 25 5 0 0 1
2022 6 25 5 0 1 0
2022 6 25 8 0 0 0
2022 6 25 8 0 1 1
2022 6 25 9 0 0 1
2022 6 25 9 0 1 0
2022 6 25 12 0 0 0
2022 6 25 12 0 1 1
2022 6 25 13 0 0 1
2022 6 25 13 0 1 0
2022 6 25 16 0 0 0
2022 6 25 16 0 1 1
2022 6 25 17 0 0 1
2022 6 25 17 0 1 0
2022 6 25 20 0 0 0
2022 6 25 20 0 1 1
2022 6 25 21 0 0 1
2022 6 25 21 0 1 0
2022 6 26 0 0 0 0
2022 6 26 0 0 1 1
2022 6 26 1 0 0 1
2022 6 26 1 0 1 0
2022 6 26 4 0 0 0
2022 6 26 4 0 1 1
2022 6 26 5 0 0 1
2022 6 26 5 0 1 0
2022 6 26 8 0 0 0
2022 6 26 8 0 1 1
2022 6 26 9 0 0 1
2022 6 26 9 0 1 0
2022 6 26 12 0 0 0
2022 6 26 12 0 1 1
2022 6 26 13 0 0 1
2022 6 26 13 0 1 0
2022 6 26 16 0 0 0
2022 6 26 16 0 1 1
2022 6 26 17 0 0 1
2022 6 26 17 0 1 0
2022 6 26 20 0 0 0
2022 6 26 20 0 1 1
2022 6 26 21 0 0 1
2022 6 26 21 0 1 0
2022 6 27 0 0 0 0
2022 6 27 0 0 1 1
2022 6 27 1 0 0 1
2022 6 27 1 0 1 0
2022 6 27 4 0 0 0
2022 6 27 4 0 1 1
2022 6 27 5 0 0 1
2022 6 27 5 0 1 0
2022 6 27 8 0 0 0
2022 6 27 8 0 1 1
2022 6 27 9 0 0 1
2022 6 27 9 0 1 0
2022 6 27 12 0 0 0
2022 6 27 12 0 1 1
2022 6 27 13 0 0 1
2022 6 27 13 0 1 0
2022 6 27 16 0 0 0
2022 6 27 16 0 1 1
2022 6 27 17 0 0 1
2022 6 27 17 0 1 0
2022 6 27 20 0 0 0
2022 6 27 20 0 1 1
2022 6 27 21 0 0 1
2022 6 27 21 0 1 0
2022 6 28 0 0 0 0
2022 6 28 0 0 1 1
2022 6 28 1 0 0 1
2022 6 28 1 0 1 0
2022 6 28 4 0 0 0
2022 6 28 4 0 1 1
2022 6 28 5 0 0 1
2022 6 28 5 0 1 0
2022 6 28 8 0 0 0
2022 6 28 8 0 1 1
2022 6 28 9 0 0 1
2022 6 28 9 0 1 0
2022 6 28 12 0 0 0
2022 6 28 12 0 1 1
2022 6 28 13 0 0 1
2022 6 28 13 0 1 0
2022 6 28 16 0 0 0
2022 6 28 16 0 1 1
2022 6 28 17 0 0 1
2022 6 28 17 0 1 0
2022 6 28 20 0 0 0
2022 6 28 20 0 1 1
2022 6 28 21 0 0 1
2022 6 28 21 0 1 0
2022 6 29 0 0 0 0
2022 6 29 0 0 1 1
2022 6 29 1 0 0 1
2022 6 29 1 0 1 0
2022 6 29 4 0 0 0
2022 6 29 4 0 1 1
2022 6 29 5 0 0 1
2022 6 29 5 0 1 0
2022 6 29 8 0 0 0
2022 6 29 8 0 1 1
2022 6 29 9 0 0 1
2022 6 29 9 0 1 0
2022 6 29 12 0 0 0
2022 6 29 12 0 1 1
2022 6 29 13 0 0 1
2022 6 29 13 0 1 0
2022 6 29 16 0 0 0
2022 6 29 16 0 1 1
2022 6 29 17 0 0 1
2022 6 29 17 0 1 0
2022 6 29 20 0 0 0
2022 6 29 20 0 1 1
2022 6 29 21 0 0 1
2022 6 29 21 0 1 0
2022 6 30 0 0 0 0
2022 6 30 0 0 1 1
2022 6 30 1 0 0 1
2022 6 30 1 0 1 0
2022 6 30 4 0 0 0
2022 6 30 4 0 1 1
2022 6 30 5 0 0 1
2022 6 30 5 0 1 0
2022 6 30 8 0 0 0
2022 6 30 8 0 1 1
2022 6 30 9 0 0 1
2022 6 30 9 0 1 0
2022 6 30 12 0 0 0
2022 6 30 12 0 1 1
2022 6 30 13 0 0 1
2022 6 30 13 0 1 0
2022 6 30 16 0 0 0
2022 6 30 16 0 1 1
2022 6 30 17 0 0 1
2022 6 30 17 0 1 0
2022 6 30 20 0 0 0
2022 6 30 20 0 1 1
2022 6 30 21 0 0 1
2022 6 30 21 0 1 0
2022 7 1 0 0 0 0
2022 7 1 0 0 1 1
2022 7 1 1 0 0 1
2022 7 1 1 0 1 0
2022 7 1 4 0 0 0
2022 7 1 4 0 1 1
2022 7 1 5 0 0 1
2022 7 1 5 0 1 0
2022 7 1 8 0 0 0
2022 7 1 8 0 1 1
2022 7 1 9 0 0 1
2022 7 1 9 0 1 0
2022 7 1 12 0 0 0
2022 7 1 12 0 1 1
2022 7 1 13 0 0 1
2022 7 1 13 0 1 0
2022 7 1 16 0 0 0
2022 7 1 16 0 1 1
2022 7 1 17 0 0 1
2022 7 1 17 0 1 0
2022 7 1 20 0 0 0
2022 7 1 20 0 1 1
2022 7 1 21 0 0 1
2022 7 1 21 0 1 0
2022 7 2 0 0 0 0
2022 7 2 0 0 1 1
2022 7 2 1 0 0 1
2022 7 2 1 0 1 0
2022 7 2 4 0 0 0
2022 7 2 4 0 1 1
2022 7 2 5 0 0 1
2022 7 2 5 0 1 0
2022 7 2 8 0 0 0
2022 7 2 8 0 1 1
2022 7 2 9 0 0 1
2022 7 2 9 0 1 0
2022 7 2 12 0 0 0
2022 7 2 12 0 1 1
2022 7 2 13 0 0 1
2022 7 2 13 0 1 0
2022 7 2 16 0 0 0
2022 7 2 16 0 1 1
2022 7 2 17 0 0 1
2022 7 2 17 0 1 0
2022 7 2 20 0 0 0
2022 7 2 20 0 1 1
2022 7 2 21 0 0 1
2022 7 2 21 0 1 0
2022 7 3 0 0 0 0
2022 7 3 0 0 1 1
2022 7 3 1 0 0 1
2022 7 3 1 0 1 0
2022 7 3 4 0 0 0
2022 7 3 4 0 1 1
2022 7 3 5 0 0 1
2022 7 3 5 0 1 0
2022 7 3 8 0 0 0
2022 7 3 8 0 1 1
2022 7 3 9 0 0 1
2022 7 3 9 0 1 0
2022 7 3 12 0 0 0
2022 7 3 12 0 1 1
2022 7 3 13 0 0 1
2022 7 3 13 0 1 0
2022 7 3 16 0 0 0
2022 7 3 16 0 1 1
2022 7 3 17 0 0 1
2022 7 3 17 0 1 0
2022 7 3 20 0 0 0
2022 7 3 20 0 1 1
2022 7 3 21 0 0 1
2022 7 3 21 0 1 0
2022 7 4 0 0 0 0
2022 7 4 0 0 1 1
2022 7 4 1 0 0 1
2022 7 4 1 0 1 0
2022 7 4 4 0 0 0
2022 7 4 4 0 1 1
2022 7 4 5 0 0 1
2022 7 4 5 0 1 0
2022 7 4 8 0 0 0
2022 7 4 8 0 1 1
2022 7 4 9 0 0 1
2022 7 4 9 0 1 0
2022 7 4 12 0 0 0
2022 7 4 12 0 1 1
2022 7 4 13 0 0 1
2022 7 4 13 0 1 0
2022 7 4 16 0 0 0
2022 7 4 16 0 1 1
2022 7 4 17 0 0 1
2022 7 4 17 0 1 0
2022 7 4 20 0 0 0
2022 7 4 20 0 1 1
2022 7 4 21 0 0 1
2022 7 4 21 0 1 0
2022 7 5 0 0 0 0
2022 7 5 0 0 1 1
2022 7 5 1 0 0 1
2022 7 5 1 0 1 0
2022 7 5 4 0 0 0
2022 7 5 4 0 1 1
2022 7 5 5 0 0 1
2022 7 5 5 0 1 0
2022 7 5 8 0 0 0
2022 7 5 8 0 1 1
2022 7 5 9 0 0 1
2022 7 5 9 0 1 0
2022 7 5 12 0 0 0
2022 7 5 12 0 1 1
2022 7 5 13 0 0 1
2022 7 5 13 0 1 0
2022 7 5 16 0 0 0
2022 7 5 16 0 1 1
2022 7 5 17 0 0 1
2022 7 5 17 0 1 0
2022 7 5 20 0 0 0
2022 7 5 20 0 1 1
2022 7 5 21 0 0 1
2022 7 5 21 0 1 0
2022 7 6 0 0 0 0
2022 7 6 0 0 1 1
2022 7 6 1 0 0 1
2022 7 6 1 0 1 0
2022 7 6 4 0 0 0
2022 7 6 4 0 1 1
2022 7 6 5 0 0 1
2022 7 6 5 0 1 0
2022 7 6 8 0 0 0
2022 7 6 8 0 1 1
2022 7 6 9 0 0 1
2022 7 6 9 0 1 0
2022 7 6 12 0 0 0
2022 7 6 12 0 1 1
2022 7 6 13 0 0 1
2022 7 6 13 0 1 0
2022 7 6 16 0 0 0
2022 7 6 16 0 1 1
2022 7 6 17 0 0 1
2022 7 6 17 0 1 0
2022 7 6 20 0 0 0
2022 7 6 20 0 1 1
2022 7 6 21 0 0 1
2022 7 6 21 0 1 0
2022 7 7 0 0 0 0
2022 7 7 0 0 1 1
2022 7 7 1 0 0 1
2022 7 7 1 0 1 0
2022 7 7 4 0 0 0
2022 7 7 4 0 1 1
2022 7 7 5 0 0 1
2022 7 7 5 0 1 0
2022 7 7 8 0 0 0
2022 7 7 8 0 1 1
2022 7 7 9 0 0 1
2022 7 7 9 0 1 0
2022 7 7 12 0 0 0
2022 7 7 12 0 1 1
2022 7 7 13 0 0 1
2022 7 7 13 0 1 0
2022 7 7 16 0 0 0
2022 7 7 16 0 1 1
2022 7 7 17 0 0 1
2022 7 7 17 0 1 0
2022 7 7 20 0 0 0
2022 7 7 20 0 1 1
2022 7 7 21 0 0 1
2022 7 7 21 0 1 0
2022 7 8 0 0 0 0
2022 7 8 0 0 1 1
2022 7 8 1 0 0 1
2022 7 8 1 0 1 0
2022 7 8 4 0 0 0
2022 7 8 4 0 1 1
2022 7 8 5 0 0 1
2022 7 8 5 0 1 0
2022 7 8 8 0 0 0
2022 7 8 8 0 1 1
2022 7 8 9 0 0 1
2022 7 8 9 0 1 0
2022 7 8 12 0 0 0
2022 7 8 12 0 1 1
2022 7 8 13 0 0 1
2022 7 8 13 0 1 0
2022 7 8 16 0 0 0
2022 7 8 16 0 1 1
2022 7 8 17 0 0 1
2022 7 8 17 0 1 0
2022 7 8 20 0 0 0
2022 7 8 20 0 1 1
2022 7 8 21 0 0 1
2022 7 8 21 0 1 0
2022 7 9 0 0 0 0
2022 7 9 0 0 1 1
2022 7 9 1 0 0 1
2022 7 9 1 0 1 0
2022 7 9 4 0 0 0
2022 7 9 4 0 1 1
2022 7 9 5 0 0 1
2022 7 9 5 0 1 0
2022 7 9 8 0 0 0
2022 7 9 8 0 1 1
2022 7 9 9 0 0 1
2022 7 9 9 0 1 0
2022 7 9 12 0 0 0
2022 7 9 12 0 1 1
2022 7 9 13 0 0 1
2022 7 9 13 0 1 0
2022 7 9 16 0 0 0
2022 7 9 16 0 1 1
2022 7 9 17 0 0 1
2022 7 9 17 0 1 0
2022 7 9 20 0 0 0
2022 7 9 20 0 1 1
2022 7 9 21 0 0 1
2022 7 9 21 0 1 0
2022 7 10 0 0 0 0
2022 7 10 0 0 1 1
2022 7 10 1 0 0 1
2022 7 10 1 0 1 0
2022 7 10 4 0 0 0
2022 7 10 4 0 1 1
2022 7 10 5 0 0 1
2022 7 10 5 0 1 0
2022 7 10 8 0 0 0
2022 7 10 8 0 1 1
2022 7 10 9 0 0 1
2022 7 10 9 0 1 0
2022 7 10 12 0 0 0
2022 7 10 12 0 1 1
2022 7 10 13 0 0 1
2022 7 10 13 0 1 0
2022 7 10 16 0 0 0
2022 7 10 16 0 1 1
2022 7 10 17 0 0 1
2022 7 10 17 0 1 0
2022 7 10 20 0 0 0
2022 7 10 20 0 1 1
2022 7 10 21 0 0 1
2022 7 10 21 0 1 0
2022 7 11 0 0 0 0
2022 7 11 0 0 1 1
2022 7 11 1 0 0 1
2022 7 11 1 0 1 0
2022 7 11 4 0 0 0
2022 7 11 4 0 1 1
2022 7 11 5 0 0 1
2022 7 11 5 0 1 0
2022 7 11 8 0 0 0
2022 7 11 8 0 1 1
2022 7 11 9 0 0 1
2022 7 11 9 0 1 0
2022 7 11 12 0 0 0
2022 7 11 12 0 1 1
2022 7 11 13 0 0 1
2022 7 11 13 0 1 0
2022 7 11 16 0 0 0
2022 7 11 16 0 1 1
2022 7 11 17 0 0 1
2022 7 11 17 0 1 0
2022 7 11 20 0 0 0
2022 7 11 20 0 1 1
2022 7 11 21 0 0 1
2022 7 11 21 0 1 0
2022 7 12 0 0 0 0
2022 7 12 0 0 1 1
2022 7 12 1 0 0 1
2022 7 12 1 0 1 0
2022 7 12 4 0 0 0
2022 7 12 4 0 1 1
2022 7 12 5 0 0 1
2022 7 12 5 0 1 0
2022 7 12 8 0 0 0
2022 7 12 8 0 1 1
2022 7 12 9 0 0 1
2022 7 12 9 0 1 0
2022 7 12 12 0 0 0
2022 7 12 12 0 1 1
2022 7 12 13 0 0 1
2022 7 12 13 0 1 0
2022 7 12 16 0 0 0
2022 7 12 16 0 1 1
2022 7 12 17 0 0 1
2022 7 12 17 0 1 0
2022 7 12 20 0 0 0
2022 7 12 20 0 1 1
2022 7 12 21 0 0 1
2022 7 12 21 0 1 0
2022 7 13 0 0 0 0
2022 7 13 0 0 1 1
2022 7 13 1 0 0 1
2022 7 13 1 0 1 0
2022 7 13 4 0 0 0
2022 7 13 4 0 1 1
2022 7 13 5 0 0 1
2022 7 13 5 0 1 0
2022 7 13 8 0 0 0
2022 7 13 8 0 1 1
2022 7 13 9 0 0 1
2022 7 13 9 0 1 0
2022 7 13 12 0 0 0
2022 7 13 12 0 1 1
2022 7 13 13 0 0 1
2022 7 13 13 0 1 0
2022 7 13 16 0 0 0
2022 7 13 16 0 1 1
2022 7 13 17 0 0 1
2022 7 13 17 0 1 0
2022 7 13 20 0 0 0
2022 7 13 20 0 1 1
2022 7 13 21 0 0 1
2022 7 13 21 0 1 0
2022 7 14 0 0 0 0
2022 7 14 0 0 1 1
2022 7 14 1 0 0 1
2022 7 14 1 0 1 0
2022 7 14 4 0 0 0
2022 7 14 4 0 1 1
2022 7 14 5 0 0 1
2022 7 14 5 0 1 0
2022 7 14 8 0 0 0
2022 7 14 8 0 1 1
2022 7 14 9 0 0 1
2022 7 14 9 0 1 0
2022 7 14 12 0 0 0
2022 7 14 12 0 1 1
2022 7 14 13 0 0 1
2022 7 14 13 0 1 0
2022 7 14 16 0 0 0
2022 7 14 16 0 1 1
2022 7 14 17 0 0 1
2022 7 14 17 0 1 0
2022 7 14 20 0 0 0
2022 7 14 20 0 1 1
2022 7 14 21 0 0 1
2022 7 14 21 0 1 0
2022 7 15 0 0 0 0
2022 7 15 0 0 1 1
2022 7 15 1 0 0 1
2022 7 15 1 0 1 0
2022 7 15 4 0 0 0
2022 7 15 4 0 1 1
2022 7 15 5 0 0 1
2022 7 15 5 0 1 0
2022 7 15 8 0 0 0
2022 7 15 8 0 1 1
2022 7 15 9 0 0 1
2022 7 15 9 0 1 0
2022 7 15 12 0 0 0
2022 7 15 12 0 1 1
2022 7 15 13 0 0 1
2022 7 15 13 0 1 0
2022 7 15 16 0 0 0
2022 7 15 16 0 1 1
2022 7 15 17 0 0 1
2022 7 15 17 0 1 0
2022 7 15 20 0 0 0
2022 7 15 20 0 1 1
2022 7 15 21 0 0 1
2022 7 15 21 0 1 0
2022 7 16 0 0 0 0
2022 7 16 0 0 1 1
2022 7 16 1 0 0 1
2022 7 16 1 0 1 0
2022 7 16 4 0 0 0
2022 7 16 4 0 1 1
2022 7 16 5 0 0 1
2022 7 16 5 0 1 0
2022 7 16 8 0 0 0
2022 7 16 8 0 1 1
2022 7 16 9 0 0 1
2022 7 16 9 0 1 0
2022 7 16 12 0 0 0
2022 7 16 12 0 1 1
2022 7 16 13 0 0 1
2022 7 16 13 0 1 0
2022 7 16 16 0 0 0
2022 7 16 16 0 1 1
2022 7 16 17 0 0 1
2022 7 16 17 0 1 0
2022 7 16 20 0 0 0
2022 7 16 20 0 1 1
2022 7 16 21 0 0 1
2022 7 16 21 0 1 0
2022 7 17 0 0 0 0
2022 7 17 0 0 1 1
2022 7 17 1 0 0 1
2022 7 17 1 0 1 0
2022 7 17 4 0 0 0
2022 7 17 4 0 1 1
2022 7 17 5 0 0 1
2022 7 17 5 0 1 0
2022 7 17 8 0 0 0
2022 7 17 8 0 1 1
2022 7 17 9 0 0 1
2022 7 17 9 0 1 0
2022 7 17 12 0 0 0
2022 7 17 12 0 1 1
2022 7 17 13 0 0 1
2022 7 17 13 0 1 0
2022 7 17 16 0 0 0
2022 7 17 16 0 1 1
2022 7 17 17 0 0 1
2022 7 17 17 0 1 0
2022 7 17 20 0 0 0
2022 7 17 20 0 1 1
2022 7 17 21 0 0 1
2022 7 17 21 0 1 0
2022 7 18 0 0 0 0
2022 7 18 0 0 1 1
2022 7 18 1 0 0 1
2022 7 18 1 0 1 0
2022 7 18 4 0 0 0
2022 7 18 4 0 1 1
2022 7 18 5 0 0 1
2022 7 18 5 0 1 0
2022 7 18 8 0 0 0
2022 7 18 8 0 1 1
2022 7 18 9 0 0 1
2022 7 18 9 0 1 0
2022 7 18 12 0 0 0
2022 7 18 12 0 1 1
2022 7 18 13 0 0 1
2022 7 18 13 0 1 0
2022 7 18 16 0 0 0
2022 7 18 16 0 1 1
2022 7 18 17 0 0 1
2022 7 18 17 0 1 0
2022 7 18 20 0 0 0
2022 7 18 20 0 1 1
2022 7 18 21 0 0 1
2022 7 18 21 0 1 0
2022 7 19 0 0 0 0
2022 7 19 0 0 1 1
2022 7 19 1 0 0 1
2022 7 19 1 0 1 0
2022 7 19 4 0 0 0
2022 7 19 4 0 1 1
2022 7 19 5 0 0 1
2022 7 19 5 0 1 0
2022 7 19 8 0 0 0
2022 7 19 8 0 1 1
2022 7 19 9 0 0 1
2022 7 19 9 0 1 0
2022 7 19 12 0 0 0
2022 7 19 12 0 1 1
2022 7 19 13 0 0 1
2022 7 19 13 0 1 0
2022 7 19 16 0 0 0
2022 7 19 16 0 1 1
2022 7 19 17 0 0 1
2022 7 19 17 0 1 0
2022 7 19 20 0 0 0
2022 7 19 20 0 1 1
2022 7 19 21 0 0 1
2022 7 19 21 0 1 0
2022 7 20 0 0 0 0
2022 7 20 0 0 1 1
2022 7 20 1 0 0 1
2022 7 20 1 0 1 0
2022 7 20 4 0 0 0
2022 7 20 4 0 1 1
2022 7 20 5 0 0 1
2022 7 20 5 0 1 0
2022 7 20 8 0 0 0
2022 7 20 8 0 1 1
2022 7 20 9 0 0 1
2022 7 20 9 0 1 0
2022 7 20 12 0 0 0
2022 7 20 12 0 1 1
2022 7 20 13 0 0 1
2022 7 20 13 0 1 0
2022 7 20 16 0 0 0
2022 7 20 16 0 1 1
2022 7 20 17 0 0 1
2022 7 20 17 0 1 0
2022 7 20 20 0 0 0
2022 7 20 20 0 1 1
2022 7 20 21 0 0 1
2022 7 20 21 0 1 0
2022 7 21 0 0 0 0
2022 7 21 0 0 1 1
2022 7 21 1 0 0 1
2022 7 21 1 0 1 0
2022 7 21 4 0 0 0
2022 7 21 4 0 1 1
2022 7 21 5 0 0 1
2022 7 21 5 0 1 0
2022 7 21 8 0 0 0
2022 7 21 8 0 1 1
2022 7 21 9 0 0 1
2022 7 21 9 0 1 0
2022 7 21 12 0 0 0
2022 7 21 12 0 1 1
2022 7 21 13 0 0 1
2022 7 21 13 0 1 0
2022 7 21 16 0 0 0
2022 7 21 16 0 1 1
2022 7 21 17 0 0 1
2022 7 21 17 0 1 0
2022 7 21 20 0 0 0
2022 7 21 20 0 1 1
2022 7 21 21 0 0 1
2022 7 21 21 0 1 0
2022 7 22 0 0 0 0
2022 7 22 0 0 1 1
2022 7 22 1 0 0 1
2022 7 22 1 0 1 0
2022 7 22 4 0 0 0
2022 7 22 4 0 1 1
2022 7 22 5 0 0 1
2022 7 22 5 0 1 0
2022 7 22 8 0 0 0
2022 7 22 8 0 1 1
2022 7 22 9 0 0 1
2022 7 22 9 0 1 0
2022 7 22 12 0 0 0
2022 7 22 12 0 1 1
2022 7 22 13 0 0 1
2022 7 22 13 0 1 0
2022 7 22 16 0 0 0
2022 7 22 16 0 1 1
2022 7 22 17 0 0 1
2022 7 22 17 0 1 0
2022 7 22 20 0 0 0
2022 7 22 20 0 1 1
2022 7 22 21 0 0 1
2022 7 22 21 0 1 0
2022 7 23 0 0 0 0
2022 7 23 0 0 1 1
2022 7 23 1 0 0 1
2022 7 23 1 0 1 0
2022 7 23 4 0 0 0
2022 7 23 4 0 1 1
2022 7 23 5 0 0 1
2022 7 23 5 0 1 0
2022 7 23 8 0 0 0
2022 7 23 8 0 1 1
2022 7 23 9 0 0 1
2022 7 23 9 0 1 0
2022 7 23 12 0 0 0
2022 7 23 12 0 1 1
2022 7 23 13 0 0 1
2022 7 23 13 0 1 0
2022 7 23 16 0 0 0
2022 7 23 16 0 1 1
2022 7 23 17 0 0 1
2022 7 23 17 0 1 0
2022 7 23 20 0 0 0
2022 7 23 20 0 1 1
2022 7 23 21 0 0 1
2022 7 23 21 0 1 0
2022 7 24 0 0 0 0
2022 7 24 0 0 1 1
2022 7 24 1 0 0 1
2022 7 24 1 0 1 0
2022 7 24 4 0 0 0
2022 7 24 4 0 1 1
2022 7 24 5 0 0 1
2022 7 24 5 0 1 0
2022 7 24 8 0 0 0
2022 7 24 8 0 1 1
2022 7 24 9 0 0 1
2022 7 24 9 0 1 0
2022 7 24 12 0 0 0
2022 7 24 12 0 1 1
2022 7 24 13 0 0 1
2022 7 24 13 0 1 0
2022 7 24 16 0 0 0
2022 7 24 16 0 1 1
2022 7 24 17 0 0 1
2022 7 24 17 0 1 0
2022 7 24 20 0 0 0
2022 7 24 20 0 1 1
2022 7 24 21 0 0 1
2022 7 24 21 0 1 0
2022 7 25 0 0 0 0
2022 7 25 0 0 1 1
2022 7 25 1 0 0 1
2022 7 25 1 0 1 0
2022 7 25 4 0 0 0
2022 7 25 4 0 1 1
2022 7 25 5 0 0 1
2022 7 25 5 0 1 0
2022 7 25 8 0 0 0
2022 7 25 8 0 1 1
2022 7 25 9 0 0 1
2022 7 25 9 0 1 0
2022 7 25 12 0 0 0
2022 7 25 12 0 1 1
2022 7 25 13 0 0 1
2022 7 25 13 0 1 0
2022 7 25 16 0 0 0
2022 7 25 16 0 1 1
2022 7 25 17 0 0 1
2022 7 25 17 0 1 0
2022 7 25 20 0 0 0
2022 7 25 20 0 1 1
2022 7 25 21 0 0 1
2022 7 25 21 0 1 0
2022 7 26 0 0 0 0
2022 7 26 0 0 1 1
2022 7 26 1 0 0 1
2022 7 26 1 0 1 0
2022 7 26 4 0 0 0
2022 7 26 4 0 1 1
2022 7 26 5 0 0 1
2022 7 26 5 0 1 0
2022 7 26 8 0 0 0
2022 7 26 8 0 1 1
2022 7 26 9 0 0 1
2022 7 26 9 0 1 0
2022 7 26 12 0 0 0
2022 7 26 12 0 1 1
2022 7 26 13 0 0 1
2022 7 26 13 0 1 0
2022 7 26 16 0 0 0
2022 7 26 16 0 1 1
2022 7 26 17 0 0 1
2022 7 26 17 0 1 0
2022 7 26 20 0 0 0
2022 7 26 20 0 1 1
2022 7 26 21 0 0 1
2022 7 26 21 0 1 0
2022 7 27 0 0 0 0
2022 7 27 0 0 1 1
2022 7 27 1 0 0 1
2022 7 27 1 0 1 0
2022 7 27 4 0 0 0
2022 7 27 4 0 1 1
2022 7 27 5 0 0 1
2022 7 27 5 0 1 0
2022 7 27 8 0 0 0
2022 7 27 8 0 1 1
2022 7 27 9 0 0 1
2022 7 27 9 0 1 0
2022 7 27 12 0 0 0
2022 7 27 12 0 1 1
2022 7 27 13 0 0 1
2022 7 27 13 0 1 0
2022 7 27 16 0 0 0
2022 7 27 16 0 1 1
2022 7 27 17 0 0 1
2022 7 27 17 0 1 0
2022 7 27 20 0 0 0
2022 7 27 20 0 1 1
2022 7 27 21 0 0 1
2022 7 27 21 0 1 0
2022 7 28 0 0 0 0
2022 7 28 0 0 1 1
2022 7 28 1 0 0 1
2022 7 28 1 0 1 0
2022 7 28 4 0 0 0
2022 7 28 4 0 1 1
2022 7 28 5 0 0 1
2022 7 28 5 0 1 0
2022 7 28 8 0 0 0
2022 7 28 8 0 1 1
2022 7 28 9 0 0 1
2022 7 28 9 0 1 0
2022 7 28 12 0 0 0
2022 7 28 12 0 1 1
2022 7 28 13 0 0 1
2022 7 28 13 0 1 0
2022 7 28 16 0 0 0
2022 7 28 16 0 1 1
2022 7 28 17 0 0 1
2022 7 28 17 0 1 0
2022 7 28 20 0 0 0
2022 7 28 20 0 1 1
2022 7 28 21 0 0 1
2022 7 28 21 0 1 0
2022 7 29 0 0 0 0
2022 7 29 0 0 1 1
2022 7 29 1 0 0 1
2022 7 29 1 0 1 0
2022 7 29 4 0 0 0
2022 7 29 4 0 1 1
2022 7 29 5 0 0 1
2022 7 29 5 0 1 0
2022 7 29 8 0 0 0
2022 7 29 8 0 1 1
2022 7 29 9 0 0 1
2022 7 29 9 0 1 0
2022 7 29 12 0 0 0
2022 7 29 12 0 1 1
2022 7 29 13 0 0 1
2022 7 29 13 0 1 0
2022 7 29 16 0 0 0
2022 7 29 16 0 1 1
2022 7 29 17 0 0 1
2022 7 29 17 0 1 0
2022 7 29 20 0 0 0
2022 7 29 20 0 1 1
2022 7 29 21 0 0 1
2022 7 29 21 0 1 0
2022 7 30 0 0 0 0
2022 7 30 0 0 1 1
2022 7 30 1 0 0 1
2022 7 30 1 0 1 0
2022 7 30 4 0 0 0
2022 7 30 4 0 1 1
2022 7 30 5 0 0 1
2022 7 30 5 0 1 0
2022 7 30 8 0 0 0
2022 7 30 8 0 1 1
2022 7 30 9 0 0 1
2022 7 30 9 0 1 0
2022 7 30 12 0 0 0
2022 7 30 12 0 1 1
2022 7 30 13 0 0 1
2022 7 30 13 0 1 0
2022 7 30 16 0 0 0
2022 7 30 16 0 1 1
2022 7 30 17 0 0 1
2022 7 30 17 0 1 0
2022 7 30 20 0 0 0
2022 7 30 20 0 1 1
2022 7 30 21 0 0 1
2022 7 30 21 0 1 0
2022 7 31 0 0 0 0
2022 7 31 0 0 1 1
2022 7 31 1 0 0 1
2022 7 31 1 0 1 0
2022 7 31 4 0 0 0
2022 7 31 4 0 1 1
2022 7 31 5 0 0 1
2022 7 31 5 0 1 0
2022 7 31 8 0 0 0
2022 7 31 8 0 1 1
2022 7 31 9 0 0 1
2022 7 31 9 0 1 0
2022 7 31 12 0 0 0
2022 7 31 12 0 1 1
2022 7 31 13 0 0 1
2022 7 31 13 0 1 0
2022 7 31 16 0 0 0
2022 7 31 16 0 1 1
2022 7 31 17 0 0 1
2022 7 31 17 0 1 0
2022 7 31 20 0 0 0
2022 7 31 20 0 1 1
2022 7 31 21 0 0 1
2022 7 31 21 0 1 0
2022 8 1 0 0 0 0
2022 8 1 0 0 1 1
2022 8 1 1 0 0 1
2022 8 1 1 0 1 0
2022 8 1 4 0 0 0
2022 8 1 4 0 1 1
2022 8 1 5 0 0 1
2022 8 1 5 0 1 0
2022 8 1 8 0 0 0
2022 8 1 8 0 1 1
2022 8 1 9 0 0 1
2022 8 1 9 0 1 0
2022 8 1 12 0 0 0
2022 8 1 12 0 1 1
2022 8 1 13 0 0 1
2022 8 1 13 0 1 0
2022 8 1 16 0 0 0
2022 8 1 16 0 1 1
2022 8 1 17 0 0 1
2022 8 1 17 0 1 0
2022 8 1 20 0 0 0
2022 8 1 20 0 1 1
2022 8 1 21 0 0 1
2022 8 1 21 0 1 0
2022 8 2 0 0 0 0
2022 8 2 0 0 1 1
2022 8 2 1 0 0 1
2022 8 2 1 0 1 0
2022 8 2 4 0 0 0
2022 8 2 4 0 1 1
2022 8 2 5 0 0 1
2022 8 2 5 0 1 0
2022 8 2 8 0 0 0
2022 8 2 8 0 1 1
2022 8 2 9 0 0 1
2022 8 2 9 0 1 0
2022 8 2 12 0 0 0
2022 8 2 12 0 1 1
2022 8 2 13 0 0 1
2022 8 2 13 0 1 0
2022 8 2 16 0 0 0
2022 8 2 16 0 1 1
2022 8 2 17 0 0 1
2022 8 2 17 0 1 0
2022 8 2 20 0 0 0
2022 8 2 20 0 1 1
2022 8 2 21 0 0 1
2022 8 2 21 0 1 0
2022 8 3 0 0 0 0
2022 8 3 0 0 1 1
2022 8 3 1 0 0 1
2022 8 3 1 0 1 0
2022 8 3 4 0 0 0
2022 8 3 4 0 1 1
2022 8 3 5 0 0 1
2022 8 3 5 0 1 0
2022 8 3 8 0 0 0
2022 8 3 8 0 1 1
2022 8 3 9 0 0 1
2022 8 3 9 0 1 0
2022 8 3 12 0 0 0
2022 8 3 12 0 1 1
2022 8 3 13 0 0 1
2022 8 3 13 0 1 0
2022 8 3 16 0 0 0
2022 8 3 16 0 1 1
2022 8 3 17 0 0 1
2022 8 3 17 0 1 0
2022 8 3 20 0 0 0
2022 8 3 20 0 1 1
2022 8 3 21 0 0 1
2022 8 3 21 0 1 0
2022 8 4 0 0 0 0
2022 8 4 0 0 1 1
2022 8 4 1 0 0 1
2022 8 4 1 0 1 0
2022 8 4 4 0 0 0
2022 8 4 4 0 1 1
2022 8 4 5 0 0 1
2022 8 4 5 0 1 0
2022 8 4 8 0 0 0
2022 8 4 8 0 1 1
2022 8 4 9 0 0 1
2022 8 4 9 0 1 0
2022 8 4 12 0 0 0
2022 8 4 12 0 1 1
2022 8 4 13 0 0 1
2022 8 4 13 0 1 0
2022 8 4 16 0 0 0
2022 8 4 16 0 1 1
2022 8 4 17 0 0 1
2022 8 4 17 0 1 0
2022 8 4 20 0 0 0
2022 8 4 20 0 1 1
2022 8 4 21 0 0 1
2022 8 4 21 0 1 0
2022 8 5 0 0 0 0
2022 8 5 0 0 1 1
2022 8 5 1 0 0 1
2022 8 5 1 0 1 0
2022 8 5 4 0 0 0
2022 8 5 4 0 1 1
2022 8 5 5 0 0 1
2022 8 5 5 0 1 0
2022 8 5 8 0 0 0
2022 8 5 8 0 1 1
2022 8 5 9 0 0 1
2022 8 5 9 0 1 0
2022 8 5 12 0 0 0
2022 8 5 12 0 1 1
2022 8 5 13 0 0 1
2022 8 5 13 0 1 0
2022 8 5 16 0 0 0
2022 8 5 16 0 1 1
2022 8 5 17 0 0 1
2022 8 5 17 0 1 0
2022 8 5 20 0 0 0
2022 8 5 20 0 1 1
2022 8 5 21 0 0 1
2022 8 5 21 0 1 0
2022 8 6 0 0 0 0
2022 8 6 0 0 1 1
2022 8 6 1 0 0 1
2022 8 6 1 0 1 0
2022 8 6 4 0 0 0
2022 8 6 4 0 1 1
2022 8 6 5 0 0 1
2022 8 6 5 0 1 0
2022 8 6 8 0 0 0
2022 8 6 8 0 1 1
2022 8 6 9 0 0 1
2022 8 6 9 0 1 0
2022 8 6 12 0 0 0
2022 8 6 12 0 1 1
2022 8 6 13 0 0 1
2022 8 6 13 0 1 0
2022 8 6 16 0 0 0
2022 8 6 16 0 1 1
2022 8 6 17 0 0 1
2022 8 6 17 0 1 0
2022 8 6 20 0 0 0
2022 8 6 20 0 1 1
2022 8 6 21 0 0 1
2022 8 6 21 0 1 0
2022 8 7 0 0 0 0
2022 8 7 0 0 1 1
2022 8 7 1 0 0 1
2022 8 7 1 0 1 0
2022 8 7 4 0 0 0
2022 8 7 4 0 1 1
2022 8 7 5 0 0 1
2022 8 7 5 0 1 0
2022 8 7 8 0 0 0
2022 8 7 8 0 1 1
2022 8 7 9 0 0 1
2022 8 7 9 0 1 0
2022 8 7 12 0 0 0
2022 8 7 12 0 1 1
2022 8 7 13 0 0 1
2022 8 7 13 0 1 0
2022 8 7 16 0 0 0
2022 8 7 16 0 1 1
2022 8 7 17 0 0 1
2022 8 7 17 0 1 0
2022 8 7 20 0 0 0
2022 8 7 20 0 1 1
2022 8 7 21 0 0 1
2022 8 7 21 0 1 0
2022 8 8 0 0 0 0
2022 8 8 0 0 1 1
2022 8 8 1 0 0 1
2022 8 8 1 0 1 0
2022 8 8 4 0 0 0
2022 8 8 4 0 1 1
2022 8 8 5 0 0 1
2022 8 8 5 0 1 0
2022 8 8 8 0 0 0
2022 8 8 8 0 1 1
2022 8 8 9 0 0 1
2022 8 8 9 0 1 0
2022 8 8 12 0 0 0
2022 8 8 12 0 1 1
2022 8 8 13 0 0 1
2022 8 8 13 0 1 0
2022 8 8 16 0 0 0
2022 8 8 16 0 1 1
2022 8 8 17 0 0 1
2022 8 8 17 0 1 0
2022 8 8 20 0 0 0
2022 8 8 20 0 1 1
2022 8 8 21 0 0 1
2022 8 8 21 0 1 0
2022 8 9 0 0 0 0
2022 8 9 0 0 1 1
2022 8 9 1 0 0 1
2022 8 9 1 0 1 0
2022 8 9 4 0 0 0
2022 8 9 4 0 1 1
2022 8 9 5 0 0 1
2022 8 9 5 0 1 0
2022 8 9 8 0 0 0
2022 8 9 8 0 1 1
2022 8 9 9 0 0 1
2022 8 9 9 0 1 0
2022 8 9 12 0 0 0
2022 8 9 12 0 1 1
2022 8 9 13 0 0 1
2022 8 9 13 0 1 0
2022 8 9 16 0 0 0
2022 8 9 16 0 1 1
2022 8 9 17 0 0 1
2022 8 9 17 0 1 0
2022 8 9 20 0 0 0
2022 8 9 20 0 1 1
2022 8 9 21 0 0 1
2022 8 9 21 0 1 0
2022 8 10 0 0 0 0
2022 8 10 0 0 1 1
2022 8 10 1 0 0 1
2022 8 10 1 0 1 0
2022 8 10 4 0 0 0
2022 8 10 4 0 1 1
2022 8 10 5 0 0 1
2022 8 10 5 0 1 0
2022 8 10 8 0 0 0
2022 8 10 8 0 1 1
2022 8 10 9 0 0 1
2022 8 10 9 0 1 0
2022 8 10 12 0 0 0
2022 8 10 12 0 1 1
2022 8 10 13 0 0 1
2022 8 10 13 0 1 0
2022 8 10 16 0 0 0
2022 8 10 16 0 1 1
2022 8 10 17 0 0 1
2022 8 10 17 0 1 0
2022 8 10 20 0 0 0
2022 8 10 20 0 1 1
2022 8 10 21 0 0 1
2022 8 10 21 0 1 0
2022 8 11 0 0 0 0
2022 8 11 0 0 1 1
2022 8 11 1 0 0 1
2022 8 11 1 0 1 0
2022 8 11 4 0 0 0
2022 8 11 4 0 1 1
2022 8 11 5 0 0 1
2022 8 11 5 0 1 0
2022 8 11 8 0 0 0
2022 8 11 8 0 1 1
2022 8 11 9 0 0 1
2022 8 11 9 0 1 0
2022 8 11 12 0 0 0
2022 8 11 12 0 1 1
2022 8 11 13 0 0 1
2022 8 11 13 0 1 0
2022 8 11 16 0 0 0
2022 8 11 16 0 1 1
2022 8 11 17 0 0 1
2022 8 11 17 0 1 0
2022 8 11 20 0 0 0
2022 8 11 20 0 1 1
2022 8 11 21 0 0 1
2022 8 11 21 0 1 0
2022 8 12 0 0 0 0
2022 8 12 0 0 1 1
2022 8 12 1 0 0 1
2022 8 12 1 0 1 0
2022 8 12 4 0 0 0
2022 8 12 4 0 1 1
2022 8 12 5 0 0 1
2022 8 12 5 0 1 0
2022 8 12 8 0 0 0
2022 8 12 8 0 1 1
2022 8 12 9 0 0 1
2022 8 12 9 0 1 0
2022 8 12 12 0 0 0
2022 8 12 12 0 1 1
2022 8 12 13 0 0 1
2022 8 12 13 0 1 0
2022 8 12 16 0 0 0
2022 8 12 16 0 1 1
2022 8 12 17 0 0 1
2022 8 12 17 0 1 0
2022 8 12 20 0 0 0
2022 8 12 20 0 1 1
2022 8 12 21 0 0 1
2022 8 12 21 0 1 0
2022 8 13 0 0 0 0
2022 8 13 0 0 1 1
2022 8 13 1 0 0 1
2022 8 13 1 0 1 0
2022 8 13 4 0 0 0
2022 8 13 4 0 1 1
2022 8 13 5 0 0 1
2022 8 13 5 0 1 0
2022 8 13 8 0 0 0
2022 8 13 8 0 1 1
2022 8 13 9 0 0 1
2022 8 13 9 0 1 0
2022 8 13 12 0 0 0
2022 8 13 12 0 1 1
2022 8 13 13 0 0 1
2022 8 13 13 0 1 0
2022 8 13 16 0 0 0
2022 8 13 16 0 1 1
2022 8 13 17 0 0 1
2022 8 13 17 0 1 0
2022 8 13 20 0 0 0
2022 8 13 20 0 1 1
2022 8 13 21 0 0 1
2022 8 13 21 0 1 0
2022 8 14 0 0 0 0
2022 8 14 0 0 1 1
2022 8 14 1 0 0 1
2022 8 14 1 0 1 0
2022 8 14 4 0 0 0
2022 8 14 4 0 1 1
2022 8 14 5 0 0 1
2022 8 14 5 0 1 0
2022 8 14 8 0 0 0
2022 8 14 8 0 1 1
2022 8 14 9 0 0 1
2022 8 14 9 0 1 0
2022 8 14 12 0 0 0
2022 8 14 12 0 1 1
2022 8 14 13 0 0 1
2022 8 14 13 0 1 0
2022 8 14 16 0 0 0
2022 8 14 16 0 1 1
2022 8 14 17 0 0 1
2022 8 14 17 0 1 0
2022 8 14 20 0 0 0
2022 8 14 20 0 1 1
2022 8 14 21 0 0 1
2022 8 14 21 0 1 0
2022 8 15 0 0 0 0
2022 8 15 0 0 1 1
2022 8 15 1 0 0 1
2022 8 15 1 0 1 0
2022 8 15 4 0 0 0
2022 8 15 4 0 1 1
2022 8 15 5 0 0 1
2022 8 15 5 0 1 0
2022 8 15 8 0 0 0
2022 8 15 8 0 1 1
2022 8 15 9 0 0 1
2022 8 15 9 0 1 0
2022 8 15 12 0 0 0
2022 8 15 12 0 1 1
2022 8 15 13 0 0 1
2022 8 15 13 0 1 0
2022 8 15 16 0 0 0
2022 8 15 16 0 1 1
2022 8 15 17 0 0 1
2022 8 15 17 0 1 0
2022 8 15 20 0 0 0
2022 8 15 20 0 1 1
2022 8 15 21 0 0 1
2022 8 15 21 0 1 0
2022 8 16 0 0 0 0
2022 8 16 0 0 1 1
2022 8 16 1 0 0 1
2022 8 16 1 0 1 0
2022 8 16 4 0 0 0
2022 8 16 4 0 1 1
2022 8 16 5 0 0 1
2022 8 16 5 0 1 0
2022 8 16 8 0 0 0
2022 8 16 8 0 1 1
2022 8 16 9 0 0 1
2022 8 16 9 0 1 0
2022 8 16 12 0 0 0
2022 8 16 12 0 1 1
2022 8 16 13 0 0 1
2022 8 16 13 0 1 0
2022 8 16 16 0 0 0
2022 8 16 16 0 1 1
2022 8 16 17 0 0 1
2022 8 16 17 0 1 0
2022 8 16 20 0 0 0
2022 8 16 20 0 1 1
2022 8 16 21 0 0 1
2022 8 16 21 0 1 0
2022 8 17 0 0 0 0
2022 8 17 0 0 1 1
2022 8 17 1 0 0 1
2022 8 17 1 0 1 0
2022 8 17 4 0 0 0
2022 8 17 4 0 1 1
2022 8 17 5 0 0 1
2022 8 17 5 0 1 0
2022 8 17 8 0 0 0
2022 8 17 8 0 1 1
2022 8 17 9 0 0 1
2022 8 17 9 0 1 0
2022 8 17 12 0 0 0
2022 8 17 12 0 1 1
2022 8 17 13 0 0 1
2022 8 17 13 0 1 0
2022 8 17 16 0 0 0
2022 8 17 16 0 1 1
2022 8 17 17 0 0 1
2022 8 17 17 0 1 0
2022 8 17 20 0 0 0
2022 8 17 20 0 1 1
2022 8 17 21 0 0 1
2022 8 17 21 0 1 0
2022 8 18 0 0 0 0
2022 8 18 0 0 1 1
2022 8 18 1 0 0 1
2022 8 18 1 0 1 0
2022 8 18 4 0 0 0
2022 8 18 4 0 1 1
2022 8 18 5 0 0 1
2022 8 18 5 0 1 0
2022 8 18 8 0 0 0
2022 8 18 8 0 1 1
2022 8 18 9 0 0 1
2022 8 18 9 0 1 0
2022 8 18 12 0 0 0
2022 8 18 12 0 1 1
2022 8 18 13 0 0 1
2022 8 18 13 0 1 0
2022 8 18 16 0 0 0
2022 8 18 16 0 1 1
2022 8 18 17 0 0 1
2022 8 18 17 0 1 0
2022 8 18 20 0 0 0
2022 8 18 20 0 1 1
2022 8 18 21 0 0 1
2022 8 18 21 0 1 0
2022 8 19 0 0 0 0
2022 8 19 0 0 1 1
2022 8 19 1 0 0 1
2022 8 19 1 0 1 0
2022 8 19 4 0 0 0
2022 8 19 4 0 1 1
2022 8 19 5 0 0 1
2022 8 19 5 0 1 0
2022 8 19 8 0 0 0
2022 8 19 8 0 1 1
2022 8 19 9 0 0 1
2022 8 19 9 0 1 0
2022 8 19 12 0 0 0
2022 8 19 12 0 1 1
2022 8 19 13 0 0 1
2022 8 19 13 0 1 0
2022 8 19 16 0 0 0
2022 8 19 16 0 1 1
2022 8 19 17 0 0 1
2022 8 19 17 0 1 0
2022 8 19 20 0 0 0
2022 8 19 20 0 1 1
2022 8 19 21 0 0 1
2022 8 19 21 0 1 0
2022 8 20 0 0 0 0
2022 8 20 0 0 1 1
2022 8 20 1 0 0 1
2022 8 20 1 0 1 0
2022 8 20 4 0 0 0
2022 8 20 4 0 1 1
2022 8 20 5 0 0 1
2022 8 20 5 0 1 0
2022 8 20 8 0 0 0
2022 8 20 8 0 1 1
2022 8 20 9 0 0 1
2022 8 20 9 0 1 0
2022 8 20 12 0 0 0
2022 8 20 12 0 1 1
2022 8 20 13 0 0 1
2022 8 20 13 0 1 0
2022 8 20 16 0 0 0
2022 8 20 16 0 1 1
2022 8 20 17 0 0 1
2022 8 20 17 0 1 0
2022 8 20 20 0 0 0
2022 8 20 20 0 1 1
2022 8 20 21 0 0 1
2022 8 20 21 0 1 0
2022 8 21 0 0 0 0
2022 8 21 0 0 1 1
2022 8 21 1 0 0 1
2022 8 21 1 0 1 0
2022 8 21 4 0 0 0
2022 8 21 4 0 1 1
2022 8 21 5 0 0 1
2022 8 21 5 0 1 0
2022 8 21 8 0 0 0
2022 8 21 8 0 1 1
2022 8 21 9 0 0 1
2022 8 21 9 0 1 0
2022 8 21 12 0 0 0
2022 8 21 12 0 1 1
2022 8 21 13 0 0 1
2022 8 21 13 0 1 0
2022 8 21 16 0 0 0
2022 8 21 16 0 1 1
2022 8 21 17 0 0 1
2022 8 21 17 0 1 0
2022 8 21 20 0 0 0
2022 8 21 20 0 1 1
2022 8 21 21 0 0 1
2022 8 21 21 0 1 0
2022 8 22 0 0 0 0
2022 8 22 0 0 1 1
2022 8 22 1 0 0 1
2022 8 22 1 0 1 0
2022 8 22 4 0 0 0
2022 8 22 4 0 1 1
2022 8 22 5 0 0 1
2022 8 22 5 0 1 0
2022 8 22 8 0 0 0
2022 8 22 8 0 1 1
2022 8 22 9 0 0 1
2022 8 22 9 0 1 0
2022 8 22 12 0 0 0
2022 8 22 12 0 1 1
2022 8 22 13 0 0 1
2022 8 22 13 0 1 0
2022 8 22 16 0 0 0
2022 8 22 16 0 1 1
2022 8 22 17 0 0 1
2022 8 22 17 0 1 0
2022 8 22 20 0 0 0
2022 8 22 20 0 1 1
2022 8 22 21 0 0 1
2022 8 22 21 0 1 0
2022 8 23 0 0 0 0
2022 8 23 0 0 1 1
2022 8 23 1 0 0 1
2022 8 23 1 0 1 0
2022 8 23 4 0 0 0
2022 8 23 4 0 1 1
2022 8 23 5 0 0 1
2022 8 23 5 0 1 0
2022 8 23 8 0 0 0
2022 8 23 8 0 1 1
2022 8 23 9 0 0 1
2022 8 23 9 0 1 0
2022 8 23 12 0 0 0
2022 8 23 12 0 1 1
2022 8 23 13 0 0 1
2022 8 23 13 0 1 0
2022 8 23 16 0 0 0
2022 8 23 16 0 1 1
2022 8 23 17 0 0 1
2022 8 23 17 0 1 0
2022 8 23 20 0 0 0
2022 8 23 20 0 1 1
2022 8 23 21 0 0 1
2022 8 23 21 0 1 0
2022 8 24 0 0 0 0
2022 8 24 0 0 1 1
2022 8 24 1 0 0 1
2022 8 24 1 0 1 0
2022 8 24 4 0 0 0
2022 8 24 4 0 1 1
2022 8 24 5 0 0 1
2022 8 24 5 0 1 0
2022 8 24 8 0 0 0
2022 8 24 8 0 1 1
2022 8 24 9 0 0 1
2022 8 24 9 0 1 0
2022 8 24 12 0 0 0
2022 8 24 12 0 1 1
2022 8 24 13 0 0 1
2022 8 24 13 0 1 0
2022 8 24 16 0 0 0
2022 8 24 16 0 1 1
2022 8 24 17 0 0 1
2022 8 24 17 0 1 0
2022 8 24 20 0 0 0
2022 8 24 20 0 1 1
2022 8 24 21 0 0 1
2022 8 24 21 0 1 0
2022 8 25 0 0 0 0
2022 8 25 0 0 1 1
2022 8 25 1 0 0 1
2022 8 25 1 0 1 0
2022 8 25 4 0 0 0
2022 8 25 4 0 1 1
2022 8 25 5 0 0 1
2022 8 25 5 0 1 0
2022 8 25 8 0 0 0
2022 8 25 8 0 1 1
2022 8 25 9 0 0 1
2022 8 25 9 0 1 0
2022 8 25 12 0 0 0
2022 8 25 12 0 1 1
2022 8 25 13 0 0 1
2022 8 25 13 0 1 0
2022 8 25 16 0 0 0
2022 8 25 16 0 1 1
2022 8 25 17 0 0 1
2022 8 25 17 0 1 0
2022 8 25 20 0 0 0
2022 8 25 20 0 1 1
2022 8 25 21 0 0 1
2022 8 25 21 0 1 0
2022 8 26 0 0 0 0
2022 8 26 0 0 1 1
2022 8 26 1 0 0 1
2022 8 26 1 0 1 0
2022 8 26 4 0 0 0
2022 8 26 4 0 1 1
2022 8 26 5 0 0 1
2022 8 26 5 0 1 0
2022 8 26 8 0 0 0
2022 8 26 8 0 1 1
2022 8 26 9 0 0 1
2022 8 26 9 0 1 0
2022 8 26 12 0 0 0
2022 8 26 12 0 1 1
2022 8 26 13 0 0 1
2022 8 26 13 0 1 0
2022 8 26 16 0 0 0
2022 8 26 16 0 1 1
2022 8 26 17 0 0 1
2022 8 26 17 0 1 0
2022 8 26 20 0 0 0
2022 8 26 20 0 1 1
2022 8 26 21 0 0 1
2022 8 26 21 0 1 0
2022 8 27 0 0 0 0
2022 8 27 0 0 1 1
2022 8 27 1 0 0 1
2022 8 27 1 0 1 0
2022 8 27 4 0 0 0
2022 8 27 4 0 1 1
2022 8 27 5 0 0 1
2022 8 27 5 0 1 0
2022 8 27 8 0 0 0
2022 8 27 8 0 1 1
2022 8 27 9 0 0 1
2022 8 27 9 0 1 0
2022 8 27 12 0 0 0
2022 8 27 12 0 1 1
2022 8 27 13 0 0 1
2022 8 27 13 0 1 0
2022 8 27 16 0 0 0
2022 8 27 16 0 1 1
2022 8 27 17 0 0 1
2022 8 27 17 0 1 0
2022 8 27 20 0 0 0
2022 8 27 20 0 1 1
2022 8 27 21 0 0 1
2022 8 27 21 0 1 0
2022 8 28 0 0 0 0
2022 8 28 0 0 1 1
2022 8 28 1 0 0 1
2022 8 28 1 0 1 0
2022 8 28 4 0 0 0
2022 8 28 4 0 1 1
2022 8 28 5 0 0 1
2022 8 28 5 0 1 0
2022 8 28 8 0 0 0
2022 8 28 8 0 1 1
2022 8 28 9 0 0 1
2022 8 28 9 0 1 0
2022 8 28 12 0 0 0
2022 8 28 12 0 1 1
2022 8 28 13 0 0 1
2022 8 28 13 0 1 0
2022 8 28 16 0 0 0
2022 8 28 16 0 1 1
2022 8 28 17 0 0 1
2022 8 28 17 0 1 0
2022 8 28 20 0 0 0
2022 8 28 20 0 1 1
2022 8 28 21 0 0 1
2022 8 28 21 0 1 0
2022 8 29 0 0 0 0
2022 8 29 0 0 1 1
2022 8 29 1 0 0 1
2022 8 29 1 0 1 0
2022 8 29 4 0 0 0
2022 8 29 4 0 1 1
2022 8 29 5 0 0 1
2022 8 29 5 0 1 0
2022 8 29 8 0 0 0
2022 8 29 8 0 1 1
2022 8 29 9 0 0 1
2022 8 29 9 0 1 0
2022 8 29 12 0 0 0
2022 8 29 12 0 1 1
2022 8 29 13 0 0 1
2022 8 29 13 0 1 0
2022 8 29 16 0 0 0
2022 8 29 16 0 1 1
2022 8 29 17 0 0 1
2022 8 29 17 0 1 0
2022 8 29 20 0 0 0
2022 8 29 20 0 1 1
2022 8 29 21 0 0 1
2022 8 29 21 0 1 0
2022 8 30 0 0 0 0
2022 8 30 0 0 1 1
2022 8 30 1 0 0 1
2022 8 30 1 0 1 0
2022 8 30 4 0 0 0
2022 8 30 4 0 1 1
2022 8 30 5 0 0 1
2022 8 30 5 0 1 0
2022 8 30 8 0 0 0
2022 8 30 8 0 1 1
2022 8 30 9 0 0 1
2022 8 30 9 0 1 0
2022 8 30 12 0 0 0
2022 8 30 12 0 1 1
2022 8 30 13 0 0 1
2022 8 30 13 0 1 0
2022 8 30 16 0 0 0
2022 8 30 16 0 1 1
2022 8 30 17 0 0 1
2022 8 30 17 0 1 0
2022 8 30 20 0 0 0
2022 8 30 20 0 1 1
2022 8 30 21 0 0 1
2022 8 30 21 0 1 0
2022 8 31 0 0 0 0
2022 8 31 0 0 1 1
2022 8 31 1 0 0 1
2022 8 31 1 0 1 0
2022 8 31 4 0 0 0
2022 8 31 4 0 1 1
2022 8 31 5 0 0 1
2022 8 31 5 0 1 0
2022 8 31 8 0 0 0
2022 8 31 8 0 1 1
2022 8 31 9 0 0 1
2022 8 31 9 0 1 0
2022 8 31 12 0 0 0
2022 8 31 12 0 1 1
2022 8 31 13 0 0 1
2022 8 31 13 0 1 0
2022 8 31 16 0 0 0
2022 8 31 16 0 1 1
2022 8 31 17 0 0 1
2022 8 31 17 0 1 0
2022 8 31 20 0 0 0
2022 8 31 20 0 1 1
2022 8 31 21 0 0 1
2022 8 31 21 0 1 0
2022 9 1 0 0 0 0
2022 9 1 0 0 1 1
2022 9 1 1 0 0 1
2022 9 1 1 0 1 0
2022 9 1 4 0 0 0
2022 9 1 4 0 1 1
2022 9 1 5 0 0 1
2022 9 1 5 0 1 0
2022 9 1 8 0 0 0
2022 9 1 8 0 1 1
2022 9 1 9 0 0 1
2022 9 1 9 0 1 0
2022 9 1 12 0 0 0
2022 9 1 12 0 1 1
2022 9 1 13 0 0 1
2022 9 1 13 0 1 0
2022 9 1 16 0 0 0
2022 9 1 16 0 1 1
2022 9 1 17 0 0 1
2022 9 1 17 0 1 0
2022 9 1 20 0 0 0
2022 9 1 20 0 1 1
2022 9 1 21 0 0 1
2022 9 1 21 0 1 0
2022 9 2 0 0 0 0
2022 9 2 0 0 1 1
2022 9 2 1 0 0 1
2022 9 2 1 0 1 0
2022 9 2 4 0 0 0
2022 9 2 4 0 1 1
2022 9 2 5 0 0 1
2022 9 2 5 0 1 0
2022 9 2 8 0 0 0
2022 9 2 8 0 1 1
2022 9 2 9 0 0 1
2022 9 2 9 0 1 0
2022 9 2 12 0 0 0
2022 9 2 12 0 1 1
2022 9 2 13 0 0 1
2022 9 2 13 0 1 0
2022 9 2 16 0 0 0
2022 9 2 16 0 1 1
2022 9 2 17 0 0 1
2022 9 2 17 0 1 0
2022 9 2 20 0 0 0
2022 9 2 20 0 1 1
2022 9 2 21 0 0 1
2022 9 2 21 0 1 0
2022 9 3 0 0 0 0
2022 9 3 0 0 1 1
2022 9 3 1 0 0 1
2022 9 3 1 0 1 0
2022 9 3 4 0 0 0
2022 9 3 4 0 1 1
2022 9 3 5 0 0 1
2022 9 3 5 0 1 0
2022 9 3 8 0 0 0
2022 9 3 8 0 1 1
2022 9 3 9 0 0 1
2022 9 3 9 0 1 0
2022 9 3 12 0 0 0
2022 9 3 12 0 1 1
2022 9 3 13 0 0 1
2022 9 3 13 0 1 0
2022 9 3 16 0 0 0
2022 9 3 16 0 1 1
2022 9 3 17 0 0 1
2022 9 3 17 0 1 0
2022 9 3 20 0 0 0
2022 9 3 20 0 1 1
2022 9 3 21 0 0 1
2022 9 3 21 0 1 0
2022 9 4 0 0 0 0
2022 9 4 0 0 1 1
2022 9 4 1 0 0 1
2022 9 4 1 0 1 0
2022 9 4 4 0 0 0
2022 9 4 4 0 1 1
2022 9 4 5 0 0 1
2022 9 4 5 0 1 0
2022 9 4 8 0 0 0
2022 9 4 8 0 1 1
2022 9 4 9 0 0 1
2022 9 4 9 0 1 0
2022 9 4 12 0 0 0
2022 9 4 12 0 1 1
2022 9 4 13 0 0 1
2022 9 4 13 0 1 0
2022 9 4 16 0 0 0
2022 9 4 16 0 1 1
2022 9 4 17 0 0 1
2022 9 4 17 0 1 0
2022 9 4 20 0 0 0
2022 9 4 20 0 1 1
2022 9 4 21 0 0 1
2022 9 4 21 0 1 0
2022 9 5 0 0 0 0
2022 9 5 0 0 1 1
2022 9 5 1 0 0 1
2022 9 5 1 0 1 0
2022 9 5 4 0 0 0
2022 9 5 4 0 1 1
2022 9 5 5 0 0 1
2022 9 5 5 0 1 0
2022 9 5 8 0 0 0
2022 9 5 8 0 1 1
2022 9 5 9 0 0 1
2022 9 5 9 0 1 0
2022 9 5 12 0 0 0
2022 9 5 12 0 1 1
2022 9 5 13 0 0 1
2022 9 5 13 0 1 0
2022 9 5 16 0 0 0
2022 9 5 16 0 1 1
2022 9 5 17 0 0 1
2022 9 5 17 0 1 0
2022 9 5 20 0 0 0
2022 9 5 20 0 1 1
2022 9 5 21 0 0 1
2022 9 5 21 0 1 0
2022 9 6 0 0 0 0
2022 9 6 0 0 1 1
2022 9 6 1 0 0 1
2022 9 6 1 0 1 0
2022 9 6 4 0 0 0
2022 9 6 4 0 1 1
2022 9 6 5 0 0 1
2022 9 6 5 0 1 0
2022 9 6 8 0 0 0
2022 9 6 8 0 1 1
2022 9 6 9 0 0 1
2022 9 6 9 0 1 0
2022 9 6 12 0 0 0
2022 9 6 12 0 1 1
2022 9 6 13 0 0 1
2022 9 6 13 0 1 0
2022 9 6 16 0 0 0
2022 9 6 16 0 1 1
2022 9 6 17 0 0 1
2022 9 6 17 0 1 0
2022 9 6 20 0 0 0
2022 9 6 20 0 1 1
2022 9 6 21 0 0 1
2022 9 6 21 0 1 0
2022 9 7 0 0 0 0
2022 9 7 0 0 1 1
2022 9 7 1 0 0 1
2022 9 7 1 0 1 0
2022 9 7 4 0 0 0
2022 9 7 4 0 1 1
2022 9 7 5 0 0 1
2022 9 7 5 0 1 0
2022 9 7 8 0 0 0
2022 9 7 8 0 1 1
2022 9 7 9 0 0 1
2022 9 7 9 0 1 0
2022 9 7 12 0 0 0
2022 9 7 12 0 1 1
2022 9 7 13 0 0 1
2022 9 7 13 0 1 0
2022 9 7 16 0 0 0
2022 9 7 16 0 1 1
2022 9 7 17 0 0 1
2022 9 7 17 0 1 0
2022 9 7 20 0 0 0
2022 9 7 20 0 1 1
2022 9 7 21 0 0 1
2022 9 7 21 0 1 0
2022 9 8 0 0 0 0
2022 9 8 0 0 1 1
2022 9 8 1 0 0 1
2022 9 8 1 0 1 0
2022 9 8 4 0 0 0
2022 9 8 4 0 1 1
2022 9 8 5 0 0 1
2022 9 8 5 0 1 0
2022 9 8 8 0 0 0
2022 9 8 8 0 1 1
2022 9 8 9 0 0 1
2022 9 8 9 0 1 0
2022 9 8 12 0 0 0
2022 9 8 12 0 1 1
2022 9 8 13 0 0 1
2022 9 8 13 0 1 0
2022 9 8 16 0 0 0
2022 9 8 16 0 1 1
2022 9 8 17 0 0 1
2022 9 8 17 0 1 0
2022 9 8 20 0 0 0
2022 9 8 20 0 1 1
2022 9 8 21 0 0 1
2022 9 8 21 0 1 0
2022 9 9 0 0 0 0
2022 9 9 0 0 1 1
2022 9 9 1 0 0 1
2022 9 9 1 0 1 0
2022 9 9 4 0 0 0
2022 9 9 4 0 1 1
2022 9 9 5 0 0 1
2022 9 9 5 0 1 0
2022 9 9 8 0 0 0
2022 9 9 8 0 1 1
2022 9 9 9 0 0 1
2022 9 9 9 0 1 0
2022 9 9 12 0 0 0
2022 9 9 12 0 1 1
2022 9 9 13 0 0 1
2022 9 9 13 0 1 0
2022 9 9 16 0 0 0
2022 9 9 16 0 1 1
2022 9 9 17 0 0 1
2022 9 9 17 0 1 0
2022 9 9 20 0 0 0
2022 9 9 20 0 1 1
2022 9 9 21 0 0 1
2022 9 9 21 0 1 0
2022 9 10 0 0 0 0
2022 9 10 0 0 1 1
2022 9 10 1 0 0 1
2022 9 10 1 0 1 0
2022 9 10 4 0 0 0
2022 9 10 4 0 1 1
2022 9 10 5 0 0 1
2022 9 10 5 0 1 0
2022 9 10 8 0 0 0
2022 9 10 8 0 1 1
2022 9 10 9 0 0 1
2022 9 10 9 0 1 0
2022 9 10 12 0 0 0
2022 9 10 12 0 1 1
2022 9 10 13 0 0 1
2022 9 10 13 0 1 0
2022 9 10 16 0 0 0
2022 9 10 16 0 1 1
2022 9 10 17 0 0 1
2022 9 10 17 0 1 0
2022 9 10 20 0 0 0
2022 9 10 20 0 1 1
2022 9 10 21 0 0 1
2022 9 10 21 0 1 0
2022 9 11 0 0 0 0
2022 9 11 0 0 1 1
2022 9 11 1 0 0 1
2022 9 11 1 0 1 0
2022 9 11 4 0 0 0
2022 9 11 4 0 1 1
2022 9 11 5 0 0 1
2022 9 11 5 0 1 0
2022 9 11 8 0 0 0
2022 9 11 8 0 1 1
2022 9 11 9 0 0 1
2022 9 11 9 0 1 0
2022 9 11 12 0 0 0
2022 9 11 12 0 1 1
2022 9 11 13 0 0 1
2022 9 11 13 0 1 0
2022 9 11 16 0 0 0
2022 9 11 16 0 1 1
2022 9 11 17 0 0 1
2022 9 11 17 0 1 0
2022 9 11 20 0 0 0
2022 9 11 20 0 1 1
2022 9 11 21 0 0 1
2022 9 11 21 0 1 0
2022 9 12 0 0 0 0
2022 9 12 0 0 1 1
2022 9 12 1 0 0 1
2022 9 12 1 0 1 0
2022 9 12 4 0 0 0
2022 9 12 4 0 1 1
2022 9 12 5 0 0 1
2022 9 12 5 0 1 0
2022 9 12 8 0 0 0
2022 9 12 8 0 1 1
2022 9 12 9 0 0 1
2022 9 12 9 0 1 0
2022 9 12 12 0 0 0
2022 9 12 12 0 1 1
2022 9 12 13 0 0 1
2022 9 12 13 0 1 0
2022 9 12 16 0 0 0
2022 9 12 16 0 1 1
2022 9 12 17 0 0 1
2022 9 12 17 0 1 0
2022 9 12 20 0 0 0
2022 9 12 20 0 1 1
2022 9 12 21 0 0 1
2022 9 12 21 0 1 0
2022 9 13 0 0 0 0
2022 9 13 0 0 1 1
2022 9 13 1 0 0 1
2022 9 13 1 0 1 0
2022 9 13 4 0 0 0
2022 9 13 4 0 1 1
2022 9 13 5 0 0 1
2022 9 13 5 0 1 0
2022 9 13 8 0 0 0
2022 9 13 8 0 1 1
2022 9 13 9 0 0 1
2022 9 13 9 0 1 0
2022 9 13 12 0 0 0
2022 9 13 12 0 1 1
2022 9 13 13 0 0 1
2022 9 13 13 0 1 0
2022 9 13 16 0 0 0
2022 9 13 16 0 1 1
2022 9 13 17 0 0 1
2022 9 13 17 0 1 0
2022 9 13 20 0 0 0
2022 9 13 20 0 1 1
2022 9 13 21 0 0 1
2022 9 13 21 0 1 0
2022 9 14 0 0 0 0
2022 9 14 0 0 1 1
2022 9 14 1 0 0 1
2022 9 14 1 0 1 0
2022 9 14 4 0 0 0
2022 9 14 4 0 1 1
2022 9 14 5 0 0 1
2022 9 14 5 0 1 0
2022 9 14 8 0 0 0
2022 9 14 8 0 1 1
2022 9 14 9 0 0 1
2022 9 14 9 0 1 0
2022 9 14 12 0 0 0
2022 9 14 12 0 1 1
2022 9 14 13 0 0 1
2022 9 14 13 0 1 0
2022 9 14 16 0 0 0
2022 9 14 16 0 1 1
2022 9 14 17 0 0 1
2022 9 14 17 0 1 0
2022 9 14 20 0 0 0
2022 9 14 20 0 1 1
2022 9 14 21 0 0 1
2022 9 14 21 0 1 0
2022 9 15 0 0 0 0
2022 9 15 0 0 1 1
2022 9 15 1 0 0 1
2022 9 15 1 0 1 0
2022 9 15 4 0 0 0
2022 9 15 4 0 1 1
2022 9 15 5 0 0 1
2022 9 15 5 0 1 0
2022 9 15 8 0 0 0
2022 9 15 8 0 1 1
2022 9 15 9 0 0 1
2022 9 15 9 0 1 0
2022 9 15 12 0 0 0
2022 9 15 12 0 1 1
2022 9 15 13 0 0 1
2022 9 15 13 0 1 0
2022 9 15 16 0 0 0
2022 9 15 16 0 1 1
2022 9 15 17 0 0 1
2022 9 15 17 0 1 0
2022 9 15 20 0 0 0
2022 9 15 20 0 1 1
2022 9 15 21 0 0 1
2022 9 15 21 0 1 0
2022 9 16 0 0 0 0
2022 9 16 0 0 1 1
2022 9 16 1 0 0 1
2022 9 16 1 0 1 0
2022 9 16 4 0 0 0
2022 9 16 4 0 1 1
2022 9 16 5 0 0 1
2022 9 16 5 0 1 0
2022 9 16 8 0 0 0
2022 9 16 8 0 1 1
2022 9 16 9 0 0 1
2022 9 16 9 0 1 0
2022 9 16 12 0 0 0
2022 9 16 12 0 1 1
2022 9 16 13 0 0 1
2022 9 16 13 0 1 0
2022 9 16 16 0 0 0
2022 9 16 16 0 1 1
2022 9 16 17 0 0 1
2022 9 16 17 0 1 0
2022 9 16 20 0 0 0
2022 9 16 20 0 1 1
2022 9 16 21 0 0 1
2022 9 16 21 0 1 0
2022 9 17 0 0 0 0
2022 9 17 0 0 1 1
2022 9 17 1 0 0 1
2022 9 17 1 0 1 0
2022 9 17 4 0 0 0
2022 9 17 4 0 1 1
2022 9 17 5 0 0 1
2022 9 17 5 0 1 0
2022 9 17 8 0 0 0
2022 9 17 8 0 1 1
2022 9 17 9 0 0 1
2022 9 17 9 0 1 0
2022 9 17 12 0 0 0
2022 9 17 12 0 1 1
2022 9 17 13 0 0 1
2022 9 17 13 0 1 0
2022 9 17 16 0 0 0
2022 9 17 16 0 1 1
2022 9 17 17 0 0 1
2022 9 17 17 0 1 0
2022 9 17 20 0 0 0
2022 9 17 20 0 1 1
2022 9 17 21 0 0 1
2022 9 17 21 0 1 0
2022 9 18 0 0 0 0
2022 9 18 0 0 1 1
2022 9 18 1 0 0 1
2022 9 18 1 0 1 0
2022 9 18 4 0 0 0
2022 9 18 4 0 1 1
2022 9 18 5 0 0 1
2022 9 18 5 0 1 0
2022 9 18 8 0 0 0
2022 9 18 8 0 1 1
2022 9 18 9 0 0 1
2022 9 18 9 0 1 0
2022 9 18 12 0 0 0
2022 9 18 12 0 1 1
2022 9 18 13 0 0 1
2022 9 18 13 0 1 0
2022 9 18 16 0 0 0
2022 9 18 16 0 1 1
2022 9 18 17 0 0 1
2022 9 18 17 0 1 0
2022 9 18 20 0 0 0
2022 9 18 20 0 1 1
2022 9 18 21 0 0 1
2022 9 18 21 0 1 0
2022 9 19 0 0 0 0
2022 9 19 0 0 1 1
2022 9 19 1 0 0 1
2022 9 19 1 0 1 0
2022 9 19 4 0 0 0
2022 9 19 4 0 1 1
2022 9 19 5 0 0 1
2022 9 19 5 0 1 0
2022 9 19 8 0 0 0
2022 9 19 8 0 1 1
2022 9 19 9 0 0 1
2022 9 19 9 0 1 0
2022 9 19 12 0 0 0
2022 9 19 12 0 1 1
2022 9 19 13 0 0 1
2022 9 19 13 0 1 0
2022 9 19 16 0 0 0
2022 9 19 16 0 1 1
2022 9 19 17 0 0 1
2022 9 19 17 0 1 0
2022 9 19 20 0 0 0
2022 9 19 20 0 1 1
2022 9 19 21 0 0 1
2022 9 19 21 0 1 0
2022 9 20 0 0 0 0
2022 9 20 0 0 1 1
2022 9 20 1 0 0 1
2022 9 20 1 0 1 0
2022 9 20 4 0 0 0
2022 9 20 4 0 1 1
2022 9 20 5 0 0 1
2022 9 20 5 0 1 0
2022 9 20 8 0 0 0
2022 9 20 8 0 1 1
2022 9 20 9 0 0 1
2022 9 20 9 0 1 0
2022 9 20 12 0 0 0
2022 9 20 12 0 1 1
2022 9 20 13 0 0 1
2022 9 20 13 0 1 0
2022 9 20 16 0 0 0
2022 9 20 16 0 1 1
2022 9 20 17 0 0 1
2022 9 20 17 0 1 0
2022 9 20 20 0 0 0
2022 9 20 20 0 1 1
2022 9 20 21 0 0 1
2022 9 20 21 0 1 0
2022 9 21 0 0 0 0
2022 9 21 0 0 1 1
2022 9 21 1 0 0 1
2022 9 21 1 0 1 0
2022 9 21 4 0 0 0
2022 9 21 4 0 1 1
2022 9 21 5 0 0 1
2022 9 21 5 0 1 0
2022 9 21 8 0 0 0
2022 9 21 8 0 1 1
2022 9 21 9 0 0 1
2022 9 21 9 0 1 0
2022 9 21 12 0 0 0
2022 9 21 12 0 1 1
2022 9 21 13 0 0 1
2022 9 21 13 0 1 0
2022 9 21 16 0 0 0
2022 9 21 16 0 1 1
2022 9 21 17 0 0 1
2022 9 21 17 0 1 0
2022 9 21 20 0 0 0
2022 9 21 20 0 1 1
2022 9 21 21 0 0 1
2022 9 21 21 0 1 0
2022 9 22 0 0 0 0
2022 9 22 0 0 1 1
2022 9 22 1 0 0 1
2022 9 22 1 0 1 0
2022 9 22 4 0 0 0
2022 9 22 4 0 1 1
2022 9 22 5 0 0 1
2022 9 22 5 0 1 0
2022 9 22 8 0 0 0
2022 9 22 8 0 1 1
2022 9 22 9 0 0 1
2022 9 22 9 0 1 0
2022 9 22 12 0 0 0
2022 9 22 12 0 1 1
2022 9 22 13 0 0 1
2022 9 22 13 0 1 0
2022 9 22 16 0 0 0
2022 9 22 16 0 1 1
2022 9 22 17 0 0 1
2022 9 22 17 0 1 0
2022 9 22 20 0 0 0
2022 9 22 20 0 1 1
2022 9 22 21 0 0 1
2022 9 22 21 0 1 0
2022 9 23 0 0 0 0
2022 9 23 0 0 1 1
2022 9 23 1 0 0 1
2022 9 23 1 0 1 0
2022 9 23 4 0 0 0
2022 9 23 4 0 1 1
2022 9 23 5 0 0 1
2022 9 23 5 0 1 0
2022 9 23 8 0 0 0
2022 9 23 8 0 1 1
2022 9 23 9 0 0 1
2022 9 23 9 0 1 0
2022 9 23 12 0 0 0
2022 9 23 12 0 1 1
2022 9 23 13 0 0 1
2022 9 23 13 0 1 0
2022 9 23 16 0 0 0
2022 9 23 16 0 1 1
2022 9 23 17 0 0 1
2022 9 23 17 0 1 0
2022 9 23 20 0 0 0
2022 9 23 20 0 1 1
2022 9 23 21 0 0 1
2022 9 23 21 0 1 0
2022 9 24 0 0 0 0
2022 9 24 0 0 1 1
2022 9 24 1 0 0 1
2022 9 24 1 0 1 0
2022 9 24 4 0 0 0
2022 9 24 4 0 1 1
2022 9 24 5 0 0 1
2022 9 24 5 0 1 0
2022 9 24 8 0 0 0
2022 9 24 8 0 1 1
2022 9 24 9 0 0 1
2022 9 24 9 0 1 0
2022 9 24 12 0 0 0
2022 9 24 12 0 1 1
2022 9 24 13 0 0 1
2022 9 24 13 0 1 0
2022 9 24 16 0 0 0
2022 9 24 16 0 1 1
2022 9 24 17 0 0 1
2022 9 24 17 0 1 0
2022 9 24 20 0 0 0
2022 9 24 20 0 1 1
2022 9 24 21 0 0 1
2022 9 24 21 0 1 0
2022 9 25 0 0 0 0
2022 9 25 0 0 1 1
2022 9 25 1 0 0 1
2022 9 25 1 0 1 0
2022 9 25 4 0 0 0
2022 9 25 4 0 1 1
2022 9 25 5 0 0 1
2022 9 25 5 0 1 0
2022 9 25 8 0 0 0
2022 9 25 8 0 1 1
2022 9 25 9 0 0 1
2022 9 25 9 0 1 0
2022 9 25 12 0 0 0
2022 9 25 12 0 1 1
2022 9 25 13 0 0 1
2022 9 25 13 0 1 0
2022 9 25 16 0 0 0
2022 9 25 16 0 1 1
2022 9 25 17 0 0 1
2022 9 25 17 0 1 0
2022 9 25 20 0 0 0
2022 9 25 20 0 1 1
2022 9 25 21 0 0 1
2022 9 25 21 0 1 0
2022 9 26 0 0 0 0
2022 9 26 0 0 1 1
2022 9 26 1 0 0 1
2022 9 26 1 0 1 0
2022 9 26 4 0 0 0
2022 9 26 4 0 1 1
2022 9 26 5 0 0 1
2022 9 26 5 0 1 0
2022 9 26 8 0 0 0
2022 9 26 8 0 1 1
2022 9 26 9 0 0 1
2022 9 26 9 0 1 0
2022 9 26 12 0 0 0
2022 9 26 12 0 1 1
2022 9 26 13 0 0 1
2022 9 26 13 0 1 0
2022 9 26 16 0 0 0
2022 9 26 16 0 1 1
2022 9 26 17 0 0 1
2022 9 26 17 0 1 0
2022 9 26 20 0 0 0
2022 9 26 20 0 1 1
2022 9 26 21 0 0 1
2022 9 26 21 0 1 0
2022 9 27 0 0 0 0
2022 9 27 0 0 1 1
2022 9 27 1 0 0 1
2022 9 27 1 0 1 0
2022 9 27 4 0 0 0
2022 9 27 4 0 1 1
2022 9 27 5 0 0 1
2022 9 27 5 0 1 0
2022 9 27 8 0 0 0
2022 9 27 8 0 1 1
2022 9 27 9 0 0 1
2022 9 27 9 0 1 0
2022 9 27 12 0 0 0
2022 9 27 12 0 1 1
2022 9 27 13 0 0 1
2022 9 27 13 0 1 0
2022 9 27 16 0 0 0
2022 9 27 16 0 1 1
2022 9 27 17 0 0 1
2022 9 27 17 0 1 0
2022 9 27 20 0 0 0
2022 9 27 20 0 1 1
2022 9 27 21 0 0 1
2022 9 27 21 0 1 0
2022 9 28 0 0 0 0
2022 9 28 0 0 1 1
2022 9 28 1 0 0 1
2022 9 28 1 0 1 0
2022 9 28 4 0 0 0
2022 9 28 4 0 1 1
2022 9 28 5 0 0 1
2022 9 28 5 0 1 0
2022 9 28 8 0 0 0
2022 9 28 8 0 1 1
2022 9 28 9 0 0 1
2022 9 28 9 0 1 0
2022 9 28 12 0 0 0
2022 9 28 12 0 1 1
2022 9 28 13 0 0 1
2022 9 28 13 0 1 0
2022 9 28 16 0 0 0
2022 9 28 16 0 1 1
2022 9 28 17 0 0 1
2022 9 28 17 0 1 0
2022 9 28 20 0 0 0
2022 9 28 20 0 1 1
2022 9 28 21 0 0 1
2022 9 28 21 0 1 0
2022 9 29 0 0 0 0
2022 9 29 0 0 1 1
2022 9 29 1 0 0 1
2022 9 29 1 0 1 0
2022 9 29 4 0 0 0
2022 9 29 4 0 1 1
2022 9 29 5 0 0 1
2022 9 29 5 0 1 0
2022 9 29 8 0 0 0
2022 9 29 8 0 1 1
2022 9 29 9 0 0 1
2022 9 29 9 0 1 0
2022 9 29 12 0 0 0
2022 9 29 12 0 1 1
2022 9 29 13 0 0 1
2022 9 29 13 0 1 0
2022 9 29 16 0 0 0
2022 9 29 16 0 1 1
2022 9 29 17 0 0 1
2022 9 29 17 0 1 0
2022 9 29 20 0 0 0
2022 9 29 20 0 1 1
2022 9 29 21 0 0 1
2022 9 29 21 0 1 0
2022 9 30 0 0 0 0
2022 9 30 0 0 1 1
2022 9 30 1 0 0 1
2022 9 30 1 0 1 0
2022 9 30 4 0 0 0
2022 9 30 4 0 1 1
2022 9 30 5 0 0 1
2022 9 30 5 0 1 0
2022 9 30 8 0 0 0
2022 9 30 8 0 1 1
2022 9 30 9 0 0 1
2022 9 30 9 0 1 0
2022 9 30 12 0 0 0
2022 9 30 12 0 1 1
2022 9 30 13 0 0 1
2022 9 30 13 0 1 0
2022 9 30 16 0 0 0
2022 9 30 16 0 1 1
2022 9 30 17 0 0 1
2022 9 30 17 0 1 0
2022 9 30 20 0 0 0
2022 9 30 20 0 1 1
2022 9 30 21 0 0 1
2022 9 30 21 0 1 0
2022 10 1 15 0 0 0
