2023	05	12	15	0	0	0.0
2023	05	13	03	0	0	5.2
2023	05	13	15	0	0	0.0
2023	05	14	03	0	0	3.3
2023	05	14	15	0	0	1.4
2023	05	15	03	0	0	0.1
2023	05	15	15	0	0	2.3
2023	05	16	03	0	0	0.3
2023	05	16	15	0	0	10.3
2023	05	17	03	0	0	3.0
2023	05	17	15	0	0	0.3
2023	05	18	03	0	0	4.2
2023	05	18	15	0	0	3.4
2023	05	19	03	0	0	29.0
2023	05	19	15	0	0	4.1
2023	05	20	03	0	0	4.7
2023	05	20	15	0	0	0.1
2023	05	21	03	0	0	0.0
2023	05	21	15	0	0	0.4
2023	05	22	03	0	0	5.9
2023	05	22	15	0	0	0.0
2023	05	23	03	0	0	0.1
2023	05	23	15	0	0	0.0
2023	05	24	03	0	0	0.0
2023	05	24	15	0	0	1.1
2023	05	25	03	0	0	0.3
2023	05	25	15	0	0	1.0
2023	05	26	03	0	0	3.1
2023	05	26	15	0	0	2.0
2023	05	27	03	0	0	1.7
2023	05	27	15	0	0	0.7
2023	05	28	03	0	0	3.9
2023	05	28	15	0	0	0.9
2023	05	29	03	0	0	0.7
2023	05	29	15	0	0	0.5
2023	05	30	03	0	0	143.8
2023	05	30	15	0	0	4.4
2023	05	31	03	0	0	26.0
2023	05	31	15	0	0	0.4
2023	06	01	03	0	0	0.6
2023	06	01	15	0	0	0.9
2023	06	02	03	0	0	1.5
2023	06	02	15	0	0	0.6
2023	06	03	03	0	0	0.2
2023	06	03	15	0	0	0.5
2023	06	04	03	0	0	1.7
2023	06	04	15	0	0	4.4
2023	06	05	03	0	0	0.6
2023	06	05	15	0	0	0.1
2023	06	06	03	0	0	0.5
2023	06	06	15	0	0	0.9
2023	06	07	03	0	0	0.4
2023	06	07	15	0	0	1.9
2023	06	08	03	0	0	1.9
2023	06	08	15	0	0	1.0
2023	06	09	03	0	0	0.3
