2021 7 20 0 0 0 0
2021 7 20 1 0 0 70.8161
2021 7 20 2 0 0 106.427
2021 7 20 3 0 0 143.798
2021 7 20 4 0 0 129.16
2021 7 20 5 0 0 178.358
2021 7 20 6 0 0 1672.53
2021 7 20 7 0 0 763.264
2021 7 20 8 0 0 157.034
2021 7 20 9 0 0 741.851
2021 7 20 10 0 0 98.2064
2021 7 20 11 0 0 256.353
2021 7 20 12 0 0 117.921
2021 7 20 13 0 0 179.789
2021 7 20 14 0 0 144.18
2021 7 20 15 0 0 76.3795
2021 7 20 16 0 0 80.4951
2021 7 20 17 0 0 294.803
2021 7 20 18 0 0 203.844
2021 7 20 19 0 0 80.9961
2021 7 20 20 0 0 1205.43
2021 7 20 21 0 0 351.676
2021 7 20 22 0 0 326.794
2021 7 20 23 0 0 83.5296
2021 7 21 0 0 0 143.713
2021 7 21 1 0 0 179.044
2021 7 21 2 0 0 105.178
2021 7 21 3 0 0 90.5797
2021 7 21 4 0 0 147.778
2021 7 21 5 0 0 431.507
2021 7 21 6 0 0 134.208
2021 7 21 7 0 0 359.542
2021 7 21 8 0 0 418.964
2021 7 21 9 0 0 92.4569
2021 7 21 10 0 0 84.5307
2021 7 21 11 0 0 184.372
2021 7 21 12 0 0 112.644
2021 7 21 13 0 0 401.905
2021 7 21 14 0 0 492.1
2021 7 21 15 0 0 97.5319
2021 7 21 16 0 0 88.4404
2021 7 21 17 0 0 87.8296
2021 7 21 18 0 0 160.823
2021 7 21 19 0 0 77.1877
2021 7 21 20 0 0 481.772
2021 7 21 21 0 0 194.854
2021 7 21 22 0 0 94.7005
2021 7 21 23 0 0 81.5026
2021 7 22 0 0 0 169.842
2021 7 22 1 0 0 71.8721
2021 7 22 2 0 0 83.4077
2021 7 22 3 0 0 83.019
2021 7 22 4 0 0 188.797
2021 7 22 5 0 0 125.255
2021 7 22 6 0 0 173.027
2021 7 22 7 0 0 124.845
2021 7 22 8 0 0 146.575
2021 7 22 9 0 0 434.415
2021 7 22 10 0 0 141.426
2021 7 22 11 0 0 357.08
2021 7 22 12 0 0 122.042
2021 7 22 13 0 0 131.597
2021 7 22 14 0 0 72.4989
2021 7 22 15 0 0 4191.1
2021 7 22 16 0 0 140.498
2021 7 22 17 0 0 130.272
2021 7 22 18 0 0 183.636
2021 7 22 19 0 0 247.775
2021 7 22 20 0 0 82.8199
2021 7 22 21 0 0 219.553
2021 7 22 22 0 0 90.6593
2021 7 22 23 0 0 81.0454
2021 7 23 0 0 0 105.275
2021 7 23 1 0 0 89.2807
2021 7 23 2 0 0 260.688
2021 7 23 3 0 0 289.024
2021 7 23 4 0 0 98.5346
2021 7 23 5 0 0 1307.6
2021 7 23 6 0 0 92.836
2021 7 23 7 0 0 267.444
2021 7 23 8 0 0 253.196
2021 7 23 9 0 0 75.6125
2021 7 23 10 0 0 522.921
2021 7 23 11 0 0 232.579
2021 7 23 12 0 0 867.209
2021 7 23 13 0 0 483.738
2021 7 23 14 0 0 564.434
2021 7 23 15 0 0 109.293
2021 7 23 16 0 0 123.407
2021 7 23 17 0 0 425.119
2021 7 23 18 0 0 83.1743
2021 7 23 19 0 0 86.6779
2021 7 23 20 0 0 85.1001
2021 7 23 21 0 0 333.002
2021 7 23 22 0 0 694.572
2021 7 23 23 0 0 144.541
2021 7 24 0 0 0 94.777
2021 7 24 1 0 0 71.889
2021 7 24 2 0 0 99.957
2021 7 24 3 0 0 96.3093
2021 7 24 4 0 0 122.602
2021 7 24 5 0 0 151.32
2021 7 24 6 0 0 191.805
2021 7 24 7 0 0 229.063
2021 7 24 8 0 0 195.054
2021 7 24 9 0 0 293.76
2021 7 24 10 0 0 76.1864
2021 7 24 11 0 0 97.6975
2021 7 24 12 0 0 3045.85
2021 7 24 13 0 0 149.517
2021 7 24 14 0 0 1809.31
2021 7 24 15 0 0 146.371
2021 7 24 16 0 0 117.127
2021 7 24 17 0 0 91.4438
2021 7 24 18 0 0 134.856
2021 7 24 19 0 0 76.2074
2021 7 24 20 0 0 134.78
2021 7 24 21 0 0 161.462
2021 7 24 22 0 0 93.6818
2021 7 24 23 0 0 279.096
2021 7 25 0 0 0 1278.29
2021 7 25 1 0 0 106.947
2021 7 25 2 0 0 186.703
2021 7 25 3 0 0 295.813
2021 7 25 4 0 0 125.742
2021 7 25 5 0 0 123.75
2021 7 25 6 0 0 112.256
2021 7 25 7 0 0 79.7003
2021 7 25 8 0 0 117.69
2021 7 25 9 0 0 230.383
2021 7 25 10 0 0 1246.2
2021 7 25 11 0 0 86.979
2021 7 25 12 0 0 75.6813
2021 7 25 13 0 0 83.4666
2021 7 25 14 0 0 185.36
2021 7 25 15 0 0 71.2088
2021 7 25 16 0 0 217.028
2021 7 25 17 0 0 186.877
2021 7 25 18 0 0 70.939
2021 7 25 19 0 0 231.074
2021 7 25 20 0 0 1044.56
2021 7 25 21 0 0 86.7759
2021 7 25 22 0 0 102.102
2021 7 25 23 0 0 700.146
2021 7 26 0 0 0 174.014
2021 7 26 1 0 0 191.758
2021 7 26 2 0 0 77.428
2021 7 26 3 0 0 140.874
2021 7 26 4 0 0 75.7148
2021 7 26 5 0 0 143.182
2021 7 26 6 0 0 106.648
2021 7 26 7 0 0 1475.01
2021 7 26 8 0 0 88.3465
2021 7 26 9 0 0 527.638
2021 7 26 10 0 0 159.361
2021 7 26 11 0 0 104.441
2021 7 26 12 0 0 72.9581
2021 7 26 13 0 0 149.76
2021 7 26 14 0 0 227.438
2021 7 26 15 0 0 93.0144
2021 7 26 16 0 0 265.539
2021 7 26 17 0 0 237.405
2021 7 26 18 0 0 162.771
2021 7 26 19 0 0 120.273
2021 7 26 20 0 0 95.5033
2021 7 26 21 0 0 98.161
2021 7 26 22 0 0 150.679
2021 7 26 23 0 0 115.315
2021 7 27 0 0 0 84.7521
2021 7 27 1 0 0 1853.65
2021 7 27 2 0 0 1198.45
2021 7 27 3 0 0 187.081
2021 7 27 4 0 0 114.044
2021 7 27 5 0 0 238.38
2021 7 27 6 0 0 309.628
2021 7 27 7 0 0 159.766
2021 7 27 8 0 0 317.374
2021 7 27 9 0 0 98.8245
2021 7 27 10 0 0 1694.08
2021 7 27 11 0 0 97.7732
2021 7 27 12 0 0 747.951
2021 7 27 13 0 0 154.628
2021 7 27 14 0 0 112.013
2021 7 27 15 0 0 130.975
2021 7 27 16 0 0 262.331
2021 7 27 17 0 0 1013
2021 7 27 18 0 0 540.462
2021 7 27 19 0 0 454.045
2021 7 27 20 0 0 218.106
2021 7 27 21 0 0 75.4399
2021 7 27 22 0 0 151.464
2021 7 27 23 0 0 406.276
2021 7 28 0 0 0 105.3
2021 7 28 1 0 0 92.0205
2021 7 28 2 0 0 96.424
2021 7 28 3 0 0 77.1753
2021 7 28 4 0 0 117.102
2021 7 28 5 0 0 74.4009
2021 7 28 6 0 0 331.206
2021 7 28 7 0 0 122.543
2021 7 28 8 0 0 185.092
2021 7 28 9 0 0 214.781
2021 7 28 10 0 0 421.026
2021 7 28 11 0 0 75.835
2021 7 28 12 0 0 1069.51
2021 7 28 13 0 0 103.782
2021 7 28 14 0 0 612.844
2021 7 28 15 0 0 98.8603
2021 7 28 16 0 0 164.677
2021 7 28 17 0 0 81.5592
2021 7 28 18 0 0 125.692
2021 7 28 19 0 0 80.8376
2021 7 28 20 0 0 122.985
2021 7 28 21 0 0 220.837
2021 7 28 22 0 0 134.48
2021 7 28 23 0 0 75.5406
2021 7 29 0 0 0 305.961
2021 7 29 1 0 0 89.9194
2021 7 29 2 0 0 126.584
2021 7 29 3 0 0 174.837
2021 7 29 4 0 0 481.28
2021 7 29 5 0 0 162.312
2021 7 29 6 0 0 1458.67
2021 7 29 7 0 0 1726.05
2021 7 29 8 0 0 460.195
2021 7 29 9 0 0 192.693
2021 7 29 10 0 0 126.184
2021 7 29 11 0 0 72.6179
2021 7 29 12 0 0 80.5278
2021 7 29 13 0 0 152.769
2021 7 29 14 0 0 243.485
2021 7 29 15 0 0 940.665
2021 7 29 16 0 0 549.806
2021 7 29 17 0 0 118.742
2021 7 29 18 0 0 189.912
2021 7 29 19 0 0 111.372
2021 7 29 20 0 0 149.133
2021 7 29 21 0 0 167.544
2021 7 29 22 0 0 265.489
2021 7 29 23 0 0 75.1224
2021 7 30 0 0 0 266.412
2021 7 30 1 0 0 90.2085
2021 7 30 2 0 0 85.1639
2021 7 30 3 0 0 126.754
2021 7 30 4 0 0 141.204
2021 7 30 5 0 0 108.266
2021 7 30 6 0 0 138.437
2021 7 30 7 0 0 78.9255
2021 7 30 8 0 0 113.711
2021 7 30 9 0 0 94.6424
2021 7 30 10 0 0 888.936
2021 7 30 11 0 0 78.9517
2021 7 30 12 0 0 168.617
2021 7 30 13 0 0 147.068
2021 7 30 14 0 0 269.428
2021 7 30 15 0 0 2325.73
2021 7 30 16 0 0 73.3695
2021 7 30 17 0 0 134.491
2021 7 30 18 0 0 131.155
2021 7 30 19 0 0 78.8385
2021 7 30 20 0 0 7029.92
2021 7 30 21 0 0 324.379
2021 7 30 22 0 0 127.777
2021 7 30 23 0 0 71.2937
2021 7 31 0 0 0 77.6785
2021 7 31 1 0 0 90.4268
2021 7 31 2 0 0 76.6448
2021 7 31 3 0 0 204.162
2021 7 31 4 0 0 86.8818
2021 7 31 5 0 0 93.8794
2021 7 31 6 0 0 479.762
2021 7 31 7 0 0 80.7364
2021 7 31 8 0 0 237.074
2021 7 31 9 0 0 78.1904
2021 7 31 10 0 0 619.733
2021 7 31 11 0 0 446.647
2021 7 31 12 0 0 93.9662
2021 7 31 13 0 0 391.884
2021 7 31 14 0 0 83.8792
2021 7 31 15 0 0 186.672
2021 7 31 16 0 0 180.596
2021 7 31 17 0 0 204.211
2021 7 31 18 0 0 767.41
2021 7 31 19 0 0 83.6881
2021 7 31 20 0 0 106.955
2021 7 31 21 0 0 681.125
2021 7 31 22 0 0 145.358
2021 7 31 23 0 0 80.4744
2021 8 1 0 0 0 108.947
2021 8 1 1 0 0 180.106
2021 8 1 2 0 0 1115.93
2021 8 1 3 0 0 90.7039
2021 8 1 4 0 0 833.655
2021 8 1 5 0 0 108.309
2021 8 1 6 0 0 1130.78
2021 8 1 7 0 0 8458.88
2021 8 1 8 0 0 78.4882
2021 8 1 9 0 0 113.622
2021 8 1 10 0 0 151.196
2021 8 1 11 0 0 1495.65
2021 8 1 12 0 0 257.134
2021 8 1 13 0 0 231.304
2021 8 1 14 0 0 84.0942
2021 8 1 15 0 0 80.8495
2021 8 1 16 0 0 2333.48
2021 8 1 17 0 0 699.472
2021 8 1 18 0 0 113.551
2021 8 1 19 0 0 1058.16
2021 8 1 20 0 0 182.044
2021 8 1 21 0 0 115.414
2021 8 1 22 0 0 75.0616
2021 8 1 23 0 0 265.386
2021 8 2 0 0 0 79.4562
2021 8 2 1 0 0 146.63
2021 8 2 2 0 0 222.101
2021 8 2 3 0 0 84.4805
2021 8 2 4 0 0 260.982
2021 8 2 5 0 0 339.685
2021 8 2 6 0 0 95.027
2021 8 2 7 0 0 140.655
2021 8 2 8 0 0 726.077
2021 8 2 9 0 0 185.859
2021 8 2 10 0 0 97.6505
2021 8 2 11 0 0 232.421
2021 8 2 12 0 0 6018.54
2021 8 2 13 0 0 126.991
2021 8 2 14 0 0 111.024
2021 8 2 15 0 0 1918.64
2021 8 2 16 0 0 94.9912
2021 8 2 17 0 0 86.5043
2021 8 2 18 0 0 97.1002
2021 8 2 19 0 0 679.067
2021 8 2 20 0 0 84.2177
2021 8 2 21 0 0 104.732
2021 8 2 22 0 0 82.9298
2021 8 2 23 0 0 208.034
2021 8 3 0 0 0 97.821
2021 8 3 1 0 0 987.727
2021 8 3 2 0 0 98.0384
2021 8 3 3 0 0 243.137
2021 8 3 4 0 0 116.504
2021 8 3 5 0 0 98.5202
2021 8 3 6 0 0 106.596
2021 8 3 7 0 0 83.6267
2021 8 3 8 0 0 585.882
2021 8 3 9 0 0 159.298
2021 8 3 10 0 0 480.281
2021 8 3 11 0 0 1556.68
2021 8 3 12 0 0 193.734
2021 8 3 13 0 0 205.482
2021 8 3 14 0 0 2140.3
2021 8 3 15 0 0 268.462
2021 8 3 16 0 0 486.51
2021 8 3 17 0 0 273.669
2021 8 3 18 0 0 158.782
2021 8 3 19 0 0 155.756
2021 8 3 20 0 0 192.463
2021 8 3 21 0 0 196
2021 8 3 22 0 0 214.61
2021 8 3 23 0 0 105.264
2021 8 4 0 0 0 202.294
2021 8 4 1 0 0 142.408
2021 8 4 2 0 0 587.783
2021 8 4 3 0 0 127.812
2021 8 4 4 0 0 221.19
2021 8 4 5 0 0 171.913
2021 8 4 6 0 0 91.0894
2021 8 4 7 0 0 1132.61
2021 8 4 8 0 0 344.867
2021 8 4 9 0 0 71.5942
2021 8 4 10 0 0 82.7522
2021 8 4 11 0 0 2998.81
2021 8 4 12 0 0 75.1238
2021 8 4 13 0 0 81.5926
2021 8 4 14 0 0 111.18
2021 8 4 15 0 0 288.609
2021 8 4 16 0 0 130.405
2021 8 4 17 0 0 111.25
2021 8 4 18 0 0 131.969
2021 8 4 19 0 0 1883.93
2021 8 4 20 0 0 123.043
2021 8 4 21 0 0 94.855
2021 8 4 22 0 0 133.017
2021 8 4 23 0 0 105.567
2021 8 5 0 0 0 154.471
2021 8 5 1 0 0 118.614
2021 8 5 2 0 0 113.306
2021 8 5 3 0 0 424.199
2021 8 5 4 0 0 89.1811
2021 8 5 5 0 0 70.5402
2021 8 5 6 0 0 88.8219
2021 8 5 7 0 0 217.642
2021 8 5 8 0 0 1525.85
2021 8 5 9 0 0 122.354
2021 8 5 10 0 0 341.1
2021 8 5 11 0 0 86.0097
2021 8 5 12 0 0 84.5379
2021 8 5 13 0 0 190.141
2021 8 5 14 0 0 123.64
2021 8 5 15 0 0 533.604
2021 8 5 16 0 0 182.255
2021 8 5 17 0 0 97.6418
2021 8 5 18 0 0 93.8595
2021 8 5 19 0 0 126.726
2021 8 5 20 0 0 88.6778
2021 8 5 21 0 0 113.61
2021 8 5 22 0 0 117.429
2021 8 5 23 0 0 227.077
2021 8 6 0 0 0 81.2485
2021 8 6 1 0 0 168.66
2021 8 6 2 0 0 71.8902
2021 8 6 3 0 0 81.0375
2021 8 6 4 0 0 178.129
2021 8 6 5 0 0 71.7375
2021 8 6 6 0 0 2299.17
2021 8 6 7 0 0 321.644
2021 8 6 8 0 0 155.488
2021 8 6 9 0 0 131.854
2021 8 6 10 0 0 70.9846
2021 8 6 11 0 0 103.81
2021 8 6 12 0 0 189.657
2021 8 6 13 0 0 173.506
2021 8 6 14 0 0 93.024
2021 8 6 15 0 0 83.6204
2021 8 6 16 0 0 148.179
2021 8 6 17 0 0 73.4776
2021 8 6 18 0 0 132.104
2021 8 6 19 0 0 218.362
2021 8 6 20 0 0 157.489
2021 8 6 21 0 0 129.57
2021 8 6 22 0 0 122.692
2021 8 6 23 0 0 81.7853
2021 8 7 0 0 0 90.2715
2021 8 7 1 0 0 179.676
2021 8 7 2 0 0 79.2224
2021 8 7 3 0 0 120.489
2021 8 7 4 0 0 82.4241
2021 8 7 5 0 0 132.707
2021 8 7 6 0 0 419.019
2021 8 7 7 0 0 565.648
2021 8 7 8 0 0 77.0093
2021 8 7 9 0 0 192.65
2021 8 7 10 0 0 192.709
2021 8 7 11 0 0 75.9748
2021 8 7 12 0 0 71.7306
2021 8 7 13 0 0 1196.86
2021 8 7 14 0 0 81.1665
2021 8 7 15 0 0 99.2076
2021 8 7 16 0 0 373.271
2021 8 7 17 0 0 115.894
2021 8 7 18 0 0 119.092
2021 8 7 19 0 0 343.523
2021 8 7 20 0 0 319.433
2021 8 7 21 0 0 121.599
2021 8 7 22 0 0 111.16
2021 8 7 23 0 0 393.288
2021 8 8 0 0 0 88.1744
2021 8 8 1 0 0 732.801
2021 8 8 2 0 0 450.421
2021 8 8 3 0 0 384.841
2021 8 8 4 0 0 582.224
2021 8 8 5 0 0 883.178
2021 8 8 6 0 0 71.5005
2021 8 8 7 0 0 246.062
2021 8 8 8 0 0 563.799
2021 8 8 9 0 0 100.937
2021 8 8 10 0 0 76.1856
2021 8 8 11 0 0 801.256
2021 8 8 12 0 0 87.4321
2021 8 8 13 0 0 114.729
2021 8 8 14 0 0 95.1457
2021 8 8 15 0 0 95.0031
2021 8 8 16 0 0 425.097
2021 8 8 17 0 0 606.916
2021 8 8 18 0 0 293.122
2021 8 8 19 0 0 397.464
2021 8 8 20 0 0 225.807
2021 8 8 21 0 0 104.369
2021 8 8 22 0 0 149.651
2021 8 8 23 0 0 352.796
2021 8 9 0 0 0 81.7192
2021 8 9 1 0 0 945.643
2021 8 9 2 0 0 74.1189
2021 8 9 3 0 0 215.659
2021 8 9 4 0 0 355.346
2021 8 9 5 0 0 140.504
2021 8 9 6 0 0 234.665
2021 8 9 7 0 0 209.014
2021 8 9 8 0 0 126.334
2021 8 9 9 0 0 135.924
2021 8 9 10 0 0 98.1674
2021 8 9 11 0 0 161.523
2021 8 9 12 0 0 177.042
2021 8 9 13 0 0 320.168
2021 8 9 14 0 0 238.307
2021 8 9 15 0 0 165.48
2021 8 9 16 0 0 185.385
2021 8 9 17 0 0 129.402
2021 8 9 18 0 0 271.131
2021 8 9 19 0 0 197.183
2021 8 9 20 0 0 1511.76
2021 8 9 21 0 0 81.1044
2021 8 9 22 0 0 1203.3
2021 8 9 23 0 0 335.512
2021 8 10 0 0 0 130.779
2021 8 10 1 0 0 127.73
2021 8 10 2 0 0 147.871
2021 8 10 3 0 0 96.2631
2021 8 10 4 0 0 101.121
2021 8 10 5 0 0 252.868
2021 8 10 6 0 0 250.562
2021 8 10 7 0 0 586.739
2021 8 10 8 0 0 4564.82
2021 8 10 9 0 0 629.438
2021 8 10 10 0 0 107.026
2021 8 10 11 0 0 805.612
2021 8 10 12 0 0 198.345
2021 8 10 13 0 0 92.8647
2021 8 10 14 0 0 235.86
2021 8 10 15 0 0 8939.3
2021 8 10 16 0 0 134.518
2021 8 10 17 0 0 208.43
2021 8 10 18 0 0 85.0954
2021 8 10 19 0 0 74.5071
2021 8 10 20 0 0 487.922
2021 8 10 21 0 0 72.0682
2021 8 10 22 0 0 75.0318
2021 8 10 23 0 0 83.9772
2021 8 11 0 0 0 195.608
2021 8 11 1 0 0 96.4296
2021 8 11 2 0 0 495.341
2021 8 11 3 0 0 128.156
2021 8 11 4 0 0 106.625
2021 8 11 5 0 0 83.6865
2021 8 11 6 0 0 238.998
2021 8 11 7 0 0 343.908
2021 8 11 8 0 0 1172.01
2021 8 11 9 0 0 1170.93
2021 8 11 10 0 0 127.31
2021 8 11 11 0 0 2455.85
2021 8 11 12 0 0 134.582
2021 8 11 13 0 0 100.706
2021 8 11 14 0 0 426.754
2021 8 11 15 0 0 183.743
2021 8 11 16 0 0 91.5306
2021 8 11 17 0 0 243.655
2021 8 11 18 0 0 511.138
2021 8 11 19 0 0 78.4236
2021 8 11 20 0 0 188.836
2021 8 11 21 0 0 103.758
2021 8 11 22 0 0 108.848
2021 8 11 23 0 0 221.628
2021 8 12 0 0 0 89.7418
2021 8 12 1 0 0 425.195
2021 8 12 2 0 0 619.443
2021 8 12 3 0 0 72.9273
2021 8 12 4 0 0 319.109
2021 8 12 5 0 0 80.7842
2021 8 12 6 0 0 159.499
2021 8 12 7 0 0 135.762
2021 8 12 8 0 0 427.309
2021 8 12 9 0 0 340.664
2021 8 12 10 0 0 403.535
2021 8 12 11 0 0 2338.86
2021 8 12 12 0 0 401.61
2021 8 12 13 0 0 243.458
2021 8 12 14 0 0 78.7585
2021 8 12 15 0 0 324.834
2021 8 12 16 0 0 130.392
2021 8 12 17 0 0 82.5141
2021 8 12 18 0 0 2356.7
2021 8 12 19 0 0 237.868
2021 8 12 20 0 0 140.324
2021 8 12 21 0 0 155.673
2021 8 12 22 0 0 211.06
2021 8 12 23 0 0 146.954
2021 8 13 0 0 0 121.721
2021 8 13 1 0 0 1810.27
2021 8 13 2 0 0 165.524
2021 8 13 3 0 0 74.9309
2021 8 13 4 0 0 679.708
2021 8 13 5 0 0 388.64
2021 8 13 6 0 0 136.185
2021 8 13 7 0 0 78.6103
2021 8 13 8 0 0 74.8502
2021 8 13 9 0 0 111.642
2021 8 13 10 0 0 222.811
2021 8 13 11 0 0 178.042
2021 8 13 12 0 0 87.6567
2021 8 13 13 0 0 101.818
2021 8 13 14 0 0 93.6356
2021 8 13 15 0 0 1710.97
2021 8 13 16 0 0 1078.29
2021 8 13 17 0 0 72.7103
2021 8 13 18 0 0 112.684
2021 8 13 19 0 0 75.4551
2021 8 13 20 0 0 4163.77
2021 8 13 21 0 0 111.906
2021 8 13 22 0 0 460.268
2021 8 13 23 0 0 152.133
2021 8 14 0 0 0 104.892
2021 8 14 1 0 0 143.464
2021 8 14 2 0 0 92.2228
2021 8 14 3 0 0 179.149
2021 8 14 4 0 0 105.111
2021 8 14 5 0 0 316.103
2021 8 14 6 0 0 203.089
2021 8 14 7 0 0 146.301
2021 8 14 8 0 0 386.636
2021 8 14 9 0 0 1087.14
2021 8 14 10 0 0 105.407
2021 8 14 11 0 0 301.389
2021 8 14 12 0 0 77.3474
2021 8 14 13 0 0 175.416
2021 8 14 14 0 0 128.486
2021 8 14 15 0 0 424.319
2021 8 14 16 0 0 1394.72
2021 8 14 17 0 0 121.138
2021 8 14 18 0 0 5906.17
2021 8 14 19 0 0 180.417
2021 8 14 20 0 0 442.87
2021 8 14 21 0 0 230.974
2021 8 14 22 0 0 140.497
2021 8 14 23 0 0 651.487
2021 8 15 0 0 0 3219.21
2021 8 15 1 0 0 99.2649
2021 8 15 2 0 0 282.537
2021 8 15 3 0 0 120.959
2021 8 15 4 0 0 5032.62
2021 8 15 5 0 0 300.005
2021 8 15 6 0 0 123.547
2021 8 15 7 0 0 1163.85
2021 8 15 8 0 0 74.0347
2021 8 15 9 0 0 123.486
2021 8 15 10 0 0 247.318
2021 8 15 11 0 0 74.4696
2021 8 15 12 0 0 85.7118
2021 8 15 13 0 0 116.467
2021 8 15 14 0 0 290.735
2021 8 15 15 0 0 378.421
2021 8 15 16 0 0 78.9742
2021 8 15 17 0 0 88.908
2021 8 15 18 0 0 77.5545
2021 8 15 19 0 0 206.191
2021 8 15 20 0 0 159.543
2021 8 15 21 0 0 155.115
2021 8 15 22 0 0 72.0048
2021 8 15 23 0 0 71.1092
2021 8 16 0 0 0 1037.07
2021 8 16 1 0 0 3285.71
2021 8 16 2 0 0 118.212
2021 8 16 3 0 0 123.012
2021 8 16 4 0 0 78.7637
2021 8 16 5 0 0 125.954
2021 8 16 6 0 0 99.6122
2021 8 16 7 0 0 175.341
2021 8 16 8 0 0 155.094
2021 8 16 9 0 0 255.503
2021 8 16 10 0 0 99.5596
2021 8 16 11 0 0 74.9194
2021 8 16 12 0 0 92.6242
2021 8 16 13 0 0 75.1602
2021 8 16 14 0 0 3789.23
2021 8 16 15 0 0 78.7467
2021 8 16 16 0 0 141.578
2021 8 16 17 0 0 120.931
2021 8 16 18 0 0 79.6083
2021 8 16 19 0 0 263.783
2021 8 16 20 0 0 111.439
2021 8 16 21 0 0 97.1026
2021 8 16 22 0 0 76.8305
2021 8 16 23 0 0 227.853
2021 8 17 0 0 0 137.698
2021 8 17 1 0 0 83.7868
2021 8 17 2 0 0 156.126
2021 8 17 3 0 0 1242.45
2021 8 17 4 0 0 114.256
2021 8 17 5 0 0 99.914
2021 8 17 6 0 0 90.6219
2021 8 17 7 0 0 72.1018
2021 8 17 8 0 0 118.665
2021 8 17 9 0 0 99.785
2021 8 17 10 0 0 246.981
2021 8 17 11 0 0 91.6445
2021 8 17 12 0 0 145.837
2021 8 17 13 0 0 336.739
2021 8 17 14 0 0 94.6439
2021 8 17 15 0 0 615.312
2021 8 17 16 0 0 200.389
2021 8 17 17 0 0 232.873
2021 8 17 18 0 0 327.946
2021 8 17 19 0 0 150.988
2021 8 17 20 0 0 89.1756
2021 8 17 21 0 0 614.339
2021 8 17 22 0 0 140.772
2021 8 17 23 0 0 137.033
2021 8 18 0 0 0 146.379
2021 8 18 1 0 0 6803.16
2021 8 18 2 0 0 240.18
2021 8 18 3 0 0 2111.66
2021 8 18 4 0 0 77.8227
2021 8 18 5 0 0 677.701
2021 8 18 6 0 0 74.4616
2021 8 18 7 0 0 98.1674
2021 8 18 8 0 0 93.3657
2021 8 18 9 0 0 70.8326
2021 8 18 10 0 0 773.374
2021 8 18 11 0 0 74.7679
2021 8 18 12 0 0 77.8879
2021 8 18 13 0 0 82.714
2021 8 18 14 0 0 107.736
2021 8 18 15 0 0 93.6739
2021 8 18 16 0 0 113.916
2021 8 18 17 0 0 83.2229
2021 8 18 18 0 0 82.5388
2021 8 18 19 0 0 259.022
2021 8 18 20 0 0 100.879
2021 8 18 21 0 0 76.5566
2021 8 18 22 0 0 845.371
2021 8 18 23 0 0 500.531
2021 8 19 0 0 0 146.999
2021 8 19 1 0 0 469.318
2021 8 19 2 0 0 83.8657
2021 8 19 3 0 0 71.208
2021 8 19 4 0 0 94.2298
2021 8 19 5 0 0 208.819
2021 8 19 6 0 0 84.6804
2021 8 19 7 0 0 536.747
2021 8 19 8 0 0 76.6642
2021 8 19 9 0 0 132.463
2021 8 19 10 0 0 427.736
2021 8 19 11 0 0 94.7873
2021 8 19 12 0 0 825.913
2021 8 19 13 0 0 79.536
2021 8 19 14 0 0 234.504
2021 8 19 15 0 0 217.174
2021 8 19 16 0 0 189.066
2021 8 19 17 0 0 803.748
2021 8 19 18 0 0 91.3092
2021 8 19 19 0 0 94.9131
2021 8 19 20 0 0 97.9675
2021 8 19 21 0 0 1630.64
2021 8 19 22 0 0 131.532
2021 8 19 23 0 0 555.199
2021 8 20 0 0 0 0
