2021 7 21 0 0 0 0
2021 7 21 14 3 0 320
2021 7 21 16 3 0 190
2021 7 21 18 6 0 70
2021 7 21 20 7 0 1200
2021 7 21 22 7 0 14530
2021 7 22 0 7 0 1040
2021 7 22 2 7 0 2080
2021 7 22 4 7 0 580
2021 7 22 6 7 0 160
2021 7 22 8 7 0 380
2021 7 25 0 8 0 130
2021 7 25 12 7 0 60
2021 7 26 0 8 0 120
2021 7 26 12 7 0 30
2021 7 27 0 8 0 0
2021 7 27 12 7 0 420
2021 7 28 0 8 0 180
2021 7 28 12 7 0 180
2021 7 29 0 8 0 460
2021 8 1 0 8 0 100
2021 8 1 12 7 0 80
2021 8 2 0 8 0 120
2021 8 2 12 7 0 70
2021 8 3 0 8 0 160
2021 8 3 12 7 0 40
2021 8 4 0 8 0 80
2021 8 4 12 7 0 130
2021 8 5 0 8 0 610
2021 8 5 12 7 0 140
2021 8 8 0 8 0 40
2021 8 8 12 6 0 70
2021 8 9 0 8 0 160
2021 8 9 12 7 0 170
2021 8 10 0 6 0 180
2021 8 10 12 7 0 430
2021 8 11 0 8 0 460
2021 8 11 12 7 0 150
2021 8 12 0 8 0 1480
2021 8 12 12 7 0 1760
2021 8 15 0 8 0 80
2021 8 15 12 6 0 80
2021 8 16 0 8 0 20
2021 8 16 12 7 0 70
2021 8 17 0 8 0 290
2021 8 17 12 7 0 70
2021 8 18 0 8 0 80
2021 8 18 12 7 0 0
2021 8 19 0 8 0 180
2021 8 19 12 7 0 580
2021 8 20 0 0 0 0
