2022 6 14 17 15 0 0
2022 6 14 18 15 0 1.5769
2022 6 14 19 15 0 2.36984
2022 6 14 20 15 0 3.20202
2022 6 14 21 15 0 2.87608
2022 6 14 22 15 0 3.97159
2022 6 14 23 15 0 37.243
2022 6 15 0 15 0 16.9959
2022 6 15 1 15 0 3.49675
2022 6 15 2 15 0 16.5191
2022 6 15 3 15 0 2.1868
2022 6 15 4 15 0 5.70832
2022 6 15 5 15 0 2.6258
2022 6 15 6 15 0 4.00345
2022 6 15 7 15 0 3.21051
2022 6 15 8 15 0 1.70078
2022 6 15 9 15 0 1.79242
2022 6 15 10 15 0 6.56453
2022 6 15 11 15 0 4.53908
2022 6 15 12 15 0 1.80358
2022 6 15 13 15 0 26.8418
2022 6 15 14 15 0 7.83093
2022 6 15 15 15 0 7.27688
2022 6 15 16 15 0 1.85999
2022 6 15 17 15 0 3.20013
2022 6 15 18 15 0 3.98686
2022 6 15 19 15 0 2.34205
2022 6 15 20 15 0 2.01697
2022 6 15 21 15 0 3.29065
2022 6 15 22 15 0 9.60857
2022 6 15 23 15 0 2.98847
2022 6 16 0 15 0 8.00609
2022 6 16 1 15 0 9.32928
2022 6 16 2 15 0 2.05877
2022 6 16 3 15 0 1.88229
2022 6 16 4 15 0 4.1055
2022 6 16 5 15 0 2.50829
2022 6 16 6 15 0 8.94941
2022 6 16 7 15 0 10.9578
2022 6 16 8 15 0 2.17179
2022 6 16 9 15 0 1.96934
2022 6 16 10 15 0 1.95574
2022 6 16 11 15 0 3.58113
2022 6 16 12 15 0 1.71877
2022 6 16 13 15 0 10.7278
2022 6 16 14 15 0 4.33891
2022 6 16 15 15 0 2.10874
2022 6 16 16 15 0 1.81486
2022 6 16 17 15 0 3.78194
2022 6 16 18 15 0 1.60041
2022 6 16 19 15 0 1.85727
2022 6 16 20 15 0 1.84862
2022 6 16 21 15 0 4.20404
2022 6 16 22 15 0 2.7891
2022 6 16 23 15 0 3.85286
2022 6 17 0 15 0 2.77999
2022 6 17 1 15 0 3.26387
2022 6 17 2 15 0 9.67331
2022 6 17 3 15 0 3.14919
2022 6 17 4 15 0 7.95126
2022 6 17 5 15 0 2.71755
2022 6 17 6 15 0 2.93034
2022 6 17 7 15 0 1.61437
2022 6 17 8 15 0 93.3253
2022 6 17 9 15 0 3.12853
2022 6 17 10 15 0 2.90083
2022 6 17 11 15 0 4.08911
2022 6 17 12 15 0 5.51731
2022 6 17 13 15 0 1.84418
2022 6 17 14 15 0 4.88888
2022 6 17 15 15 0 2.01875
2022 6 17 16 15 0 1.80468
2022 6 17 17 15 0 2.34421
2022 6 17 18 15 0 1.98805
2022 6 17 19 15 0 5.80486
2022 6 17 20 15 0 6.43584
2022 6 17 21 15 0 2.19412
2022 6 17 22 15 0 29.1169
2022 6 17 23 15 0 2.06722
2022 6 18 0 15 0 5.95529
2022 6 18 1 15 0 5.63804
2022 6 18 2 15 0 1.6837
2022 6 18 3 15 0 11.6441
2022 6 18 4 15 0 5.17893
2022 6 18 5 15 0 19.3105
2022 6 18 6 15 0 10.7716
2022 6 18 7 15 0 12.5685
2022 6 18 8 15 0 2.43369
2022 6 18 9 15 0 2.74796
2022 6 18 10 15 0 9.46633
2022 6 18 11 15 0 1.85209
2022 6 18 12 15 0 1.93011
2022 6 18 13 15 0 1.89496
2022 6 18 14 15 0 7.4151
2022 6 18 15 15 0 15.4663
2022 6 18 16 15 0 3.21857
2022 6 18 17 15 0 2.11045
2022 6 18 18 15 0 1.60078
2022 6 18 19 15 0 2.22578
2022 6 18 20 15 0 2.14457
2022 6 18 21 15 0 2.73003
2022 6 18 22 15 0 3.3695
2022 6 18 23 15 0 4.27101
2022 6 19 0 15 0 5.10065
2022 6 19 1 15 0 4.34335
2022 6 19 2 15 0 6.54129
2022 6 19 3 15 0 1.69648
2022 6 19 4 15 0 2.17548
2022 6 19 5 15 0 67.8235
2022 6 19 6 15 0 3.32937
2022 6 19 7 15 0 40.2888
2022 6 19 8 15 0 3.25932
2022 6 19 9 15 0 2.60811
2022 6 19 10 15 0 2.03623
2022 6 19 11 15 0 3.0029
2022 6 19 12 15 0 1.69695
2022 6 19 13 15 0 3.0012
2022 6 19 14 15 0 3.59536
2022 6 19 15 15 0 2.08606
2022 6 19 16 15 0 6.21475
2022 6 19 17 15 0 28.4643
2022 6 19 18 15 0 2.38143
2022 6 19 19 15 0 4.15742
2022 6 19 20 15 0 6.58701
2022 6 19 21 15 0 2.79996
2022 6 19 22 15 0 2.75561
2022 6 19 23 15 0 2.49966
2022 6 20 0 15 0 1.77473
2022 6 20 1 15 0 2.62065
2022 6 20 2 15 0 5.13005
2022 6 20 3 15 0 27.7497
2022 6 20 4 15 0 1.9368
2022 6 20 5 15 0 1.68523
2022 6 20 6 15 0 1.85858
2022 6 20 7 15 0 4.1275
2022 6 20 8 15 0 1.58564
2022 6 20 9 15 0 4.83266
2022 6 20 10 15 0 4.16129
2022 6 20 11 15 0 1.57963
2022 6 20 12 15 0 5.14544
2022 6 20 13 15 0 23.2596
2022 6 20 14 15 0 1.93227
2022 6 20 15 15 0 2.27355
2022 6 20 16 15 0 15.5905
2022 6 20 17 15 0 3.87484
2022 6 20 18 15 0 4.26996
2022 6 20 19 15 0 1.72412
2022 6 20 20 15 0 3.13689
2022 6 20 21 15 0 1.68598
2022 6 20 22 15 0 3.18829
2022 6 20 23 15 0 2.37478
2022 6 21 0 15 0 32.8447
2022 6 21 1 15 0 1.96726
2022 6 21 2 15 0 11.7491
2022 6 21 3 15 0 3.54855
2022 6 21 4 15 0 2.32564
2022 6 21 5 15 0 1.62459
2022 6 21 6 15 0 3.33476
2022 6 21 7 15 0 5.06446
2022 6 21 8 15 0 2.07119
2022 6 21 9 15 0 5.91288
2022 6 21 10 15 0 5.28641
2022 6 21 11 15 0 3.62449
2022 6 21 12 15 0 2.67818
2022 6 21 13 15 0 2.12661
2022 6 21 14 15 0 2.1858
2022 6 21 15 15 0 3.35526
2022 6 21 16 15 0 2.56777
2022 6 21 17 15 0 1.88722
2022 6 21 18 15 0 41.2762
2022 6 21 19 15 0 26.6865
2022 6 21 20 15 0 4.16581
2022 6 21 21 15 0 2.53947
2022 6 21 22 15 0 5.30812
2022 6 21 23 15 0 6.89464
2022 6 22 0 15 0 3.55758
2022 6 22 1 15 0 7.06711
2022 6 22 2 15 0 2.20057
2022 6 22 3 15 0 37.7229
2022 6 22 4 15 0 2.17716
2022 6 22 5 15 0 16.655
2022 6 22 6 15 0 3.44317
2022 6 22 7 15 0 2.49423
2022 6 22 8 15 0 2.91648
2022 6 22 9 15 0 5.84146
2022 6 22 10 15 0 22.5569
2022 6 22 11 15 0 12.0347
2022 6 22 12 15 0 10.1104
2022 6 22 13 15 0 4.85668
2022 6 22 14 15 0 1.67986
2022 6 22 15 15 0 3.37272
2022 6 22 16 15 0 9.04675
2022 6 22 17 15 0 2.34478
2022 6 22 18 15 0 2.04907
2022 6 22 19 15 0 2.14712
2022 6 22 20 15 0 1.7185
2022 6 22 21 15 0 2.60757
2022 6 22 22 15 0 1.65672
2022 6 22 23 15 0 7.37513
2022 6 23 0 15 0 2.72871
2022 6 23 1 15 0 4.12153
2022 6 23 2 15 0 4.78261
2022 6 23 3 15 0 9.37518
2022 6 23 4 15 0 1.68865
2022 6 23 5 15 0 23.8153
2022 6 23 6 15 0 2.31098
2022 6 23 7 15 0 13.6465
2022 6 23 8 15 0 2.20138
2022 6 23 9 15 0 3.66694
2022 6 23 10 15 0 1.81612
2022 6 23 11 15 0 2.79883
2022 6 23 12 15 0 1.80004
2022 6 23 13 15 0 2.73855
2022 6 23 14 15 0 4.91748
2022 6 23 15 15 0 2.99453
2022 6 23 16 15 0 1.6821
2022 6 23 17 15 0 6.81296
2022 6 23 18 15 0 2.00228
2022 6 23 19 15 0 2.81871
2022 6 23 20 15 0 3.89318
2022 6 23 21 15 0 10.7169
2022 6 23 22 15 0 3.61427
2022 6 23 23 15 0 32.4808
2022 6 24 0 15 0 38.4347
2022 6 24 1 15 0 10.2474
2022 6 24 2 15 0 4.29077
2022 6 24 3 15 0 2.80979
2022 6 24 4 15 0 1.61702
2022 6 24 5 15 0 1.79315
2022 6 24 6 15 0 3.40178
2022 6 24 7 15 0 5.4218
2022 6 24 8 15 0 20.9462
2022 6 24 9 15 0 12.2428
2022 6 24 10 15 0 2.64408
2022 6 24 11 15 0 4.22885
2022 6 24 12 15 0 2.47998
2022 6 24 13 15 0 3.3208
2022 6 24 14 15 0 3.73079
2022 6 24 15 15 0 5.91176
2022 6 24 16 15 0 1.67278
2022 6 24 17 15 0 5.93233
2022 6 24 18 15 0 2.00871
2022 6 24 19 15 0 1.89638
2022 6 24 20 15 0 2.82249
2022 6 24 21 15 0 3.14426
2022 6 24 22 15 0 2.4108
2022 6 24 23 15 0 3.08266
2022 6 25 0 15 0 1.75747
2022 6 25 1 15 0 2.53204
2022 6 25 2 15 0 2.10745
2022 6 25 3 15 0 19.7943
2022 6 25 4 15 0 1.75805
2022 6 25 5 15 0 3.75468
2022 6 25 6 15 0 3.27484
2022 6 25 7 15 0 5.99948
2022 6 25 8 15 0 51.7881
2022 6 25 9 15 0 1.63375
2022 6 25 10 15 0 2.99478
2022 6 25 11 15 0 2.92049
2022 6 25 12 15 0 1.75553
2022 6 25 13 15 0 156.539
2022 6 25 14 15 0 7.2231
2022 6 25 15 15 0 2.84527
2022 6 25 16 15 0 1.58753
2022 6 25 17 15 0 1.7297
2022 6 25 18 15 0 2.01358
2022 6 25 19 15 0 1.70669
2022 6 25 20 15 0 4.54616
2022 6 25 21 15 0 1.93464
2022 6 25 22 15 0 2.09045
2022 6 25 23 15 0 10.6831
2022 6 26 0 15 0 1.79779
2022 6 26 1 15 0 5.27904
2022 6 26 2 15 0 1.7411
2022 6 26 3 15 0 13.7999
2022 6 26 4 15 0 9.9457
2022 6 26 5 15 0 2.09238
2022 6 26 6 15 0 8.72628
2022 6 26 7 15 0 1.86778
2022 6 26 8 15 0 4.15671
2022 6 26 9 15 0 4.02141
2022 6 26 10 15 0 4.54726
2022 6 26 11 15 0 17.0883
2022 6 26 12 15 0 1.86352
2022 6 26 13 15 0 2.3816
2022 6 26 14 15 0 15.1669
2022 6 26 15 15 0 3.23677
2022 6 26 16 15 0 1.79197
2022 6 26 17 15 0 2.42597
2022 6 26 18 15 0 4.0105
2022 6 26 19 15 0 24.8489
2022 6 26 20 15 0 2.01974
2022 6 26 21 15 0 18.5633
2022 6 26 22 15 0 2.41176
2022 6 26 23 15 0 25.1795
2022 6 27 0 15 0 188.358
2022 6 27 1 15 0 1.74773
2022 6 27 2 15 0 2.53009
2022 6 27 3 15 0 3.36673
2022 6 27 4 15 0 33.3043
2022 6 27 5 15 0 5.72571
2022 6 27 6 15 0 5.15057
2022 6 27 7 15 0 1.87257
2022 6 27 8 15 0 1.80031
2022 6 27 9 15 0 51.9607
2022 6 27 10 15 0 15.5755
2022 6 27 11 15 0 2.52849
2022 6 27 12 15 0 23.5626
2022 6 27 13 15 0 4.05367
2022 6 27 14 15 0 2.56997
2022 6 27 15 15 0 1.67143
2022 6 27 16 15 0 5.90946
2022 6 27 17 15 0 1.76929
2022 6 27 18 15 0 3.26508
2022 6 27 19 15 0 4.94564
2022 6 27 20 15 0 1.88117
2022 6 27 21 15 0 5.81141
2022 6 27 22 15 0 7.56392
2022 6 27 23 15 0 2.11601
2022 6 28 0 15 0 3.13203
2022 6 28 1 15 0 16.1679
2022 6 28 2 15 0 4.13862
2022 6 28 3 15 0 2.17443
2022 6 28 4 15 0 5.17543
2022 6 28 5 15 0 134.018
2022 6 28 6 15 0 2.82776
2022 6 28 7 15 0 2.47223
2022 6 28 8 15 0 42.7233
2022 6 28 9 15 0 2.11522
2022 6 28 10 15 0 1.92623
2022 6 28 11 15 0 2.16218
2022 6 28 12 15 0 15.1211
2022 6 28 13 15 0 1.87531
2022 6 28 14 15 0 2.33211
2022 6 28 15 15 0 1.84664
2022 6 28 16 15 0 4.63239
2022 6 28 17 15 0 2.17822
2022 6 28 18 15 0 21.9941
2022 6 28 19 15 0 2.18307
2022 6 28 20 15 0 5.41404
2022 6 28 21 15 0 2.59425
2022 6 28 22 15 0 2.19379
2022 6 28 23 15 0 2.37362
2022 6 29 0 15 0 1.86215
2022 6 29 1 15 0 13.0461
2022 6 29 2 15 0 3.54715
2022 6 29 3 15 0 10.6946
2022 6 29 4 15 0 34.6633
2022 6 29 5 15 0 4.31396
2022 6 29 6 15 0 4.57556
2022 6 29 7 15 0 47.659
2022 6 29 8 15 0 5.97799
2022 6 29 9 15 0 10.8333
2022 6 29 10 15 0 6.09392
2022 6 29 11 15 0 3.53569
2022 6 29 12 15 0 3.46829
2022 6 29 13 15 0 4.28568
2022 6 29 14 15 0 4.36444
2022 6 29 15 15 0 4.77882
2022 6 29 16 15 0 2.34396
2022 6 29 17 15 0 4.50457
2022 6 29 18 15 0 3.17106
2022 6 29 19 15 0 13.0884
2022 6 29 20 15 0 2.84604
2022 6 29 21 15 0 4.92533
2022 6 29 22 15 0 3.82805
2022 6 29 23 15 0 2.02833
2022 6 30 0 15 0 25.2204
2022 6 30 1 15 0 7.67932
2022 6 30 2 15 0 1.59422
2022 6 30 3 15 0 1.84269
2022 6 30 4 15 0 66.776
2022 6 30 5 15 0 1.67282
2022 6 30 6 15 0 1.81686
2022 6 30 7 15 0 2.47569
2022 6 30 8 15 0 6.4266
2022 6 30 9 15 0 2.90379
2022 6 30 10 15 0 2.47725
2022 6 30 11 15 0 2.93862
2022 6 30 12 15 0 41.9505
2022 6 30 13 15 0 2.73985
2022 6 30 14 15 0 2.11218
2022 6 30 15 15 0 2.96197
2022 6 30 16 15 0 2.35072
2022 6 30 17 15 0 3.43968
2022 6 30 18 15 0 2.64122
2022 6 30 19 15 0 2.52304
2022 6 30 20 15 0 9.44585
2022 6 30 21 15 0 1.98584
2022 6 30 22 15 0 1.57075
2022 6 30 23 15 0 1.97783
2022 7 1 0 15 0 4.84634
2022 7 1 1 15 0 33.9767
2022 7 1 2 15 0 2.72451
2022 7 1 3 15 0 7.59544
2022 7 1 4 15 0 1.91521
2022 7 1 5 15 0 1.88245
2022 7 1 6 15 0 4.23395
2022 7 1 7 15 0 2.75316
2022 7 1 8 15 0 11.882
2022 7 1 9 15 0 4.05837
2022 7 1 10 15 0 2.17423
2022 7 1 11 15 0 2.09001
2022 7 1 12 15 0 2.82187
2022 7 1 13 15 0 1.97463
2022 7 1 14 15 0 2.52981
2022 7 1 15 15 0 2.61484
2022 7 1 16 15 0 5.05643
2022 7 1 17 15 0 1.80921
2022 7 1 18 15 0 3.75563
2022 7 1 19 15 0 1.60081
2022 7 1 20 15 0 1.8045
2022 7 1 21 15 0 3.96648
2022 7 1 22 15 0 1.59741
2022 7 1 23 15 0 51.1967
2022 7 2 0 15 0 7.16218
2022 7 2 1 15 0 3.46231
2022 7 2 2 15 0 2.93605
2022 7 2 3 15 0 1.58065
2022 7 2 4 15 0 2.31158
2022 7 2 5 15 0 4.22319
2022 7 2 6 15 0 3.86354
2022 7 2 7 15 0 2.07142
2022 7 2 8 15 0 1.86202
2022 7 2 9 15 0 3.29958
2022 7 2 10 15 0 1.63616
2022 7 2 11 15 0 2.94162
2022 7 2 12 15 0 4.86237
2022 7 2 13 15 0 3.50688
2022 7 2 14 15 0 2.88518
2022 7 2 15 15 0 2.73204
2022 7 2 16 15 0 1.82115
2022 7 2 17 15 0 2.01011
2022 7 2 18 15 0 4.00092
2022 7 2 19 15 0 1.76408
2022 7 2 20 15 0 2.68299
2022 7 2 21 15 0 1.83537
2022 7 2 22 15 0 2.95505
2022 7 2 23 15 0 9.33049
2022 7 3 0 15 0 12.5955
2022 7 3 1 15 0 1.7148
2022 7 3 2 15 0 4.28984
2022 7 3 3 15 0 4.29114
2022 7 3 4 15 0 1.69177
2022 7 3 5 15 0 1.59726
2022 7 3 6 15 0 26.651
2022 7 3 7 15 0 1.80737
2022 7 3 8 15 0 2.2091
2022 7 3 9 15 0 8.31178
2022 7 3 10 15 0 2.58066
2022 7 3 11 15 0 2.65189
2022 7 3 12 15 0 7.6494
2022 7 3 13 15 0 7.11297
2022 7 3 14 15 0 2.70769
2022 7 3 15 15 0 2.47525
2022 7 3 16 15 0 8.75752
2022 7 3 17 15 0 1.96343
2022 7 3 18 15 0 16.3176
2022 7 3 19 15 0 10.0297
2022 7 3 20 15 0 8.56944
2022 7 3 21 15 0 12.9646
2022 7 3 22 15 0 19.6662
2022 7 3 23 15 0 1.59214
2022 7 4 9 10 0 0
