2022	06	14	00	00	0	0
2022	06	14	17	15	0	1.30
2022	06	15	01	10	0	108.30
2022	06	15	09	10	0	28.50
2022	06	15	17	12	0	4.20
2022	06	16	01	12	0	8.90
2022	06	16	09	09	0	7.70
2022	06	16	17	12	0	2.10
2022	06	17	01	12	0	12.40
2022	06	17	09	00	0	7.00
2022	06	17	17	10	0	0.40
2022	06	18	01	10	0	3.30
2022	06	18	09	10	0	23.20
2022	06	18	17	12	0	2.00
2022	06	19	01	12	0	8.90
2022	06	19	09	09	0	4.20
2022	06	19	17	12	0	3.30
2022	06	20	01	10	0	9.70
2022	06	20	09	10	0	6.40
2022	06	20	17	12	0	1.50
2022	06	21	01	10	0	45.70
2022	06	21	09	10	0	12.90
2022	06	21	17	12	0	1.70
2022	06	22	01	12	0	22.10
2022	06	22	09	09	0	2.30
2022	06	22	17	12	0	0.00
2022	06	23	01	10	0	0.00
2022	06	23	09	10	0	0.00
2022	06	23	17	12	0	0.00
2022	06	24	01	16	0	1.70
2022	06	24	09	10	0	6.60
2022	06	24	17	12	0	0.00
2022	06	25	01	10	0	24.00
2022	06	25	09	10	0	1.60
2022	06	25	17	12	0	0.80
2022	06	26	01	15	0	65.40
2022	06	26	09	09	0	4.90
2022	06	26	17	12	0	5.50
2022	06	27	01	15	0	4.70
2022	06	27	09	09	0	6.10
2022	06	27	17	12	0	7.70
2022	06	28	01	09	0	11.90
2022	06	28	09	10	0	8.00
2022	06	28	17	12	0	20.50
2022	06	29	01	20	0	21.00
2022	06	29	09	09	0	7.80
2022	06	29	17	12	0	0.40
2022	06	30	01	09	0	16.40
2022	06	30	09	10	0	2.00
2022	06	30	17	12	0	0.40
2022	07	01	01	15	0	1.20
2022	07	01	09	09	0	0.90
2022	07	01	17	11	0	0.30
2022	07	02	01	09	0	0.00
2022	07	02	09	10	0	0.00
2022	07	02	17	12	0	0.50
2022	07	03	01	16	0	75.50
2022	07	03	09	09	0	11.60
2022	07	03	17	12	0	1.30
2022	07	04	01	10	0	12.20
2022	07	04	09	10	0	2.80
2022	07	05	00	00	0	0
