2021	7	20	0	00	0	0
2021	7	21	14	03	0	3.2
2021	7	21	16	03	0	1.9
2021	7	21	18	06	0	.7
2021	7	21	20	07	0	12.0
2021	7	21	22	07	0	145.3
2021	7	22	0	07	0	10.4
2021	7	22	2	07	0	20.8
2021	7	22	4	07	0	5.8
2021	7	22	6	07	0	1.6
2021	7	22	8	07	0	3.8
2021	7	25	0	08	0	1.3
2021	7	25	12	07	0	.6
2021	7	26	0	08	0	1.2
2021	7	26	12	07	0	.3
2021	7	27	0	08	0	.0
2021	7	27	12	07	0	4.2
2021	7	28	0	08	0	1.8
2021	7	28	12	07	0	1.8
2021	7	29	0	08	0	4.6
2021	8	1	0	08	0	1.0
2021	8	1	12	07	0	.8
2021	8	2	0	08	0	1.2
2021	8	2	12	07	0	.7
2021	8	3	0	08	0	1.6
2021	8	3	12	07	0	.4
2021	8	4	0	08	0	.8
2021	8	4	12	07	0	1.3
2021	8	5	0	08	0	6.1
2021	8	5	12	07	0	1.4
2021	8	8	0	08	0	.4
2021	8	8	12	06	0	.7
2021	8	9	0	08	0	1.6
2021	8	9	12	07	0	1.7
2021	8	10	0	06	0	1.8
2021	8	10	12	07	0	4.3
2021	8	11	0	08	0	4.6
2021	8	11	12	07	0	1.5
2021	8	12	0	08	0	14.8
2021	8	12	12	07	0	17.6
2021	8	15	0	08	0	.8
2021	8	15	12	06	0	.8
2021	8	16	0	08	0	.2
2021	8	16	12	07	0	.7
2021	8	17	0	08	0	2.9
2021	8	17	12	07	0	.7
2021	8	18	0	08	0	.8
2021	8	18	12	07	0	.0
2021	8	19	0	08	0	1.8
2021	8	19	12	07	0	5.8
2021	8	20	0	00	0	0
